ETTh1_336_336_iTransformer_ETTh1_ftM_sl336_ll48_pl336_dm128_nh8_el2_dl1_df128_fc1_ebtimeF_dtTrue_Exp_0  
mae:0.5605021119117737, mse:0.6647000312805176, rmse:0.8152914047241211, mape:12.242881774902344, mspe:51013.66796875, rse:0.7755069732666016, corr:[0.21450469 0.22695169 0.15232234 0.17753148 0.12712444 0.2092215
 0.21023035 0.10112685 0.20327131 0.15970251 0.08494248 0.17613432
 0.10426339 0.13138996 0.204064   0.1850691  0.05077021 0.20165187
 0.20223926 0.16182497 0.19816981 0.16255689 0.21204357 0.14759676
 0.17903036 0.1434284  0.19891834 0.18816541 0.13731857 0.17454948
 0.14633168 0.20699406 0.10115767 0.17743689 0.20141217 0.07204407
 0.17715597 0.15543616 0.19424039 0.17564538 0.18098165 0.1653411
 0.17826942 0.18155278 0.20740306 0.1719656  0.18730699 0.16219305
 0.1410983  0.17373964 0.20798975 0.17942064 0.14956099 0.05912267
 0.10986474 0.19381693 0.20863403 0.16881181 0.17610808 0.19693251
 0.16881815 0.1971248  0.10843748 0.07774147 0.16369683 0.20609365
 0.10249723 0.16019385 0.19367187 0.13904673 0.13844897 0.12667853
 0.17853668 0.0442431  0.16721939 0.04048279 0.17568646 0.16593438
 0.19801454 0.17518473 0.18075603 0.1399402  0.18117084 0.17036591
 0.07140994 0.16656017 0.16681834 0.19657548 0.16885117 0.18473606
 0.16080603 0.1243383  0.18236221 0.19850406 0.15994205 0.17645474
 0.19834127 0.16186796 0.14278032 0.19756879 0.19355538 0.16098417
 0.19676645 0.15712823 0.14351225 0.18039148 0.12408417 0.19133452
 0.12144935 0.13783258 0.11654782 0.16056213 0.11591542 0.11073995
 0.1820668  0.08842308 0.11849456 0.16843443 0.17788355 0.14312048
 0.18726468 0.15949617 0.16080932 0.1311541  0.19167581 0.14303586
 0.18108927 0.17800641 0.172763   0.17188387 0.18420473 0.01128135
 0.1861982  0.04441929 0.01193226 0.1224504  0.18271379 0.16074972
 0.14314246 0.1950245  0.17821665 0.17495304 0.17087735 0.16675602
 0.05704139 0.14432333 0.1708203  0.19153543 0.14784072 0.10254705
 0.14527987 0.18016958 0.18169561 0.06492167 0.05621267 0.18646866
 0.18434103 0.06566445 0.17024489 0.10099749 0.17690212 0.13117723
 0.10323381 0.14028557 0.17447917 0.16710187 0.1922254  0.13237439
 0.18237247 0.16537498 0.18740657 0.10373514 0.16104107 0.09662606
 0.0720634  0.08385329 0.11117109 0.17672348 0.19412793 0.14893013
 0.15646496 0.07676678 0.13050611 0.11085885 0.15597765 0.18299215
 0.06686798 0.19546583 0.18250826 0.17406817 0.14553906 0.12189198
 0.09094793 0.14389668 0.16131398 0.04486501 0.17641881 0.10678647
 0.14201619 0.10978612 0.08974724 0.15803109 0.12029604 0.09927026
 0.14096764 0.11317243 0.06211045 0.09484664 0.18542619 0.14365469
 0.19746764 0.19192865 0.1872872  0.19248769 0.17942455 0.09090764
 0.1566603  0.14318976 0.1306833  0.1561609  0.17967296 0.17519127
 0.12741002 0.12311305 0.17280507 0.16062161 0.15521327 0.08421962
 0.1972739  0.17124456 0.12566327 0.11038535 0.1606576  0.16981933
 0.15567061 0.18511991 0.16821615 0.18128805 0.15158615 0.16485162
 0.18337564 0.1691907  0.1582308  0.15260223 0.10548308 0.19179498
 0.18476383 0.10444213 0.04581815 0.06964717 0.08601815 0.17392303
 0.13681346 0.15161753 0.18039705 0.1701864  0.17091963 0.1772699
 0.1787761  0.17529848 0.16340174 0.15414467 0.189829   0.10163251
 0.17640573 0.16291468 0.18344736 0.13383932 0.15874518 0.09128659
 0.18273239 0.16460681 0.04253449 0.03457817 0.18682748 0.16729903
 0.18244955 0.12202205 0.1848334  0.1623205  0.10270838 0.12395378
 0.1692748  0.16452669 0.14582855 0.13568261 0.15158078 0.11760086
 0.16478069 0.12406104 0.17190179 0.14814253 0.15139887 0.09559203
 0.17149341 0.08694068 0.14021167 0.08784699 0.1427031  0.11036901
 0.15542491 0.16703008 0.10502345 0.12720376 0.07880096 0.18872026
 0.16456503 0.16426131 0.13625097 0.15600786 0.09750848 0.196413
 0.17764133 0.18278952 0.15944883 0.15234473 0.17759688 0.17306055
 0.18140699 0.14273204 0.15323098 0.16330019 0.1001306  0.15295906
 0.14595051 0.1861172  0.05301234 0.12854299 0.1627732  0.17495327
 0.11474846 0.1886385  0.15690522 0.16673845 0.13545948 0.05770193]

ETTh2_336_336_iTransformer_ETTh2_ftM_sl336_ll48_pl336_dm128_nh8_el2_dl1_df128_fc1_ebtimeF_dtTrue_Exp_0  
mae:0.4482746720314026, mse:0.4222795069217682, rmse:0.6498303413391113, mape:1.8585134744644165, mspe:467.0285949707031, rse:0.5192350745201111, corr:[0.11095655 0.11639907 0.10122684 0.11325302 0.09747817 0.10013118
 0.08814745 0.10461539 0.10456452 0.10658658 0.08182935 0.10194608
 0.06761965 0.06101859 0.10074164 0.09629641 0.08322185 0.1047596
 0.0852335  0.09886388 0.10210753 0.09179784 0.09401906 0.09156712
 0.08315411 0.06613961 0.09287202 0.08246936 0.06107353 0.08456998
 0.07368097 0.0917602  0.07673347 0.07961268 0.08898474 0.08228832
 0.08006361 0.08567249 0.07306957 0.08231431 0.07475473 0.08467527
 0.07472859 0.07492257 0.08491608 0.08609007 0.06342917 0.0774647
 0.07664841 0.0778558  0.08765446 0.0758051  0.07472759 0.0601354
 0.0665045  0.07876183 0.07460183 0.06719877 0.06769264 0.07402162
 0.06663585 0.07890044 0.06172417 0.05877941 0.07045221 0.08472821
 0.05113443 0.07503012 0.08440951 0.05544549 0.05394937 0.07412103
 0.06724958 0.05406921 0.06557193 0.0567077  0.06127316 0.07052307
 0.06350569 0.05857125 0.05422907 0.07071281 0.06921016 0.08406042
 0.05613907 0.0553872  0.07156751 0.07409565 0.06297316 0.05332493
 0.06412497 0.05967266 0.07284141 0.06962224 0.06670698 0.06477228
 0.06601905 0.05844842 0.05354354 0.06811024 0.06492662 0.05815715
 0.05738411 0.04655237 0.05272125 0.06285213 0.06823314 0.06095689
 0.0551553  0.06764788 0.04896535 0.04807874 0.0473501  0.05617904
 0.05983553 0.04278225 0.03764311 0.05922496 0.05604804 0.04947369
 0.06501497 0.0524183  0.04661092 0.04833203 0.0616978  0.04908175
 0.05845154 0.04491879 0.05689988 0.04980638 0.06029425 0.04201187
 0.05004187 0.0342746  0.04029717 0.0407297  0.03898736 0.04419341
 0.03638383 0.05180731 0.04758677 0.04183496 0.04708153 0.03278154
 0.03860534 0.04692313 0.0507106  0.05873011 0.03837434 0.04691776
 0.05011319 0.04152159 0.04928194 0.03047708 0.03162915 0.04951452
 0.05769127 0.03205681 0.04376982 0.03271872 0.04424229 0.04340014
 0.03466974 0.0437264  0.05119834 0.05136496 0.05684613 0.04992343
 0.05819821 0.04551013 0.06531063 0.04539841 0.0424665  0.02071549
 0.03382956 0.03331349 0.05368017 0.03689735 0.05817162 0.04139537
 0.03379932 0.03278222 0.0425499  0.02380479 0.04375411 0.04987114
 0.03075408 0.04803105 0.03400124 0.03427232 0.04433843 0.02956699
 0.05126015 0.03419517 0.03889691 0.0327663  0.04987602 0.02762349
 0.03315185 0.0188146  0.02740467 0.03649774 0.02107222 0.03149956
 0.04845674 0.04239314 0.01600288 0.02917721 0.04515067 0.04409026
 0.05321731 0.03980945 0.04316045 0.04230195 0.02950378 0.04312859
 0.02708769 0.0222479  0.02993052 0.03576202 0.04570376 0.04451226
 0.03264015 0.03824081 0.0588584  0.02651606 0.04286692 0.03281904
 0.04450445 0.03565576 0.05182967 0.03697398 0.0433116  0.05135673
 0.02901482 0.03366606 0.03426489 0.03673609 0.04807677 0.03852515
 0.05564925 0.04106538 0.04359313 0.04251366 0.03335895 0.05339508
 0.04858855 0.03386043 0.03335802 0.03670248 0.02685039 0.04024862
 0.04701115 0.02956549 0.05392606 0.04352708 0.0431018  0.041531
 0.04954123 0.0354761  0.04111076 0.04048884 0.05126792 0.03265406
 0.05512442 0.04453482 0.04026321 0.03123789 0.04111748 0.03073248
 0.04273236 0.04227036 0.0240531  0.02717481 0.0416886  0.03675219
 0.04508639 0.03092566 0.04477618 0.03892487 0.03130548 0.03374683
 0.04310177 0.04302505 0.02993524 0.03409534 0.03790366 0.03820574
 0.03982703 0.02909626 0.0260209  0.02707876 0.03464944 0.0307496
 0.03941785 0.02337938 0.03236341 0.02955485 0.04149218 0.02643301
 0.04262534 0.0479096  0.03146509 0.03432404 0.024905   0.04721395
 0.03905017 0.05294873 0.03398583 0.04440162 0.03753632 0.04144322
 0.03508321 0.0444579  0.02782384 0.03053798 0.03158862 0.03650901
 0.04940178 0.03042585 0.04098399 0.03228272 0.02819214 0.03606117
 0.03660282 0.05369671 0.02130594 0.03540448 0.03310257 0.04160316
 0.01810126 0.03882822 0.02263066 0.03672228 0.0326495  0.01448509]

ETTm1_336_336_iTransformer_ETTm1_ftM_sl336_ll48_pl336_dm128_nh8_el2_dl1_df128_fc1_ebtimeF_dtTrue_Exp_0  
mae:0.42269906401634216, mse:0.41296204924583435, rmse:0.6426212191581726, mape:2.425265312194824, mspe:368.5982666015625, rse:0.6122105121612549, corr:[0.27000782 0.26739427 0.2702311  0.27070498 0.26631367 0.2688731
 0.26822355 0.2647949  0.2663042  0.26354167 0.25922394 0.26247692
 0.25947735 0.2611677  0.25902203 0.25886443 0.2578491  0.25860414
 0.2604844  0.26047194 0.2580142  0.25841576 0.25745335 0.25813287
 0.2575795  0.2571768  0.25568953 0.25525412 0.2546913  0.24532792
 0.24731323 0.250174   0.24997634 0.24964954 0.24674581 0.24552338
 0.24896438 0.24816722 0.24818929 0.24457304 0.2463043  0.24893717
 0.24992849 0.2505545  0.24985607 0.2504545  0.2472181  0.25221023
 0.25104803 0.25261933 0.24388532 0.25086442 0.25025904 0.2527623
 0.25122508 0.25060877 0.24818805 0.2554916  0.25280273 0.25217393
 0.2565348  0.25613225 0.25345686 0.25185373 0.25629193 0.25810778
 0.25309813 0.25225666 0.25390232 0.25543973 0.25208557 0.25031212
 0.24871415 0.2507366  0.24944131 0.24887237 0.24796508 0.25200787
 0.2497114  0.24734592 0.24847919 0.25236863 0.25087336 0.24898456
 0.2474651  0.25298244 0.24984868 0.25296828 0.2518318  0.25025177
 0.24891622 0.24919203 0.25094151 0.25125447 0.2513023  0.25117347
 0.25053698 0.252363   0.25001878 0.25080374 0.24936242 0.24530731
 0.24879451 0.25156465 0.24961151 0.24714749 0.24752626 0.24775955
 0.24754064 0.24735159 0.24604008 0.24556844 0.24610788 0.24769023
 0.24326243 0.24824136 0.24820834 0.2467593  0.24719699 0.25088653
 0.25018397 0.2504111  0.24879824 0.25196767 0.24246198 0.24906462
 0.25177854 0.24634512 0.24432436 0.24861938 0.24908148 0.24771214
 0.2497374  0.24739069 0.24760216 0.24607757 0.24813901 0.2495634
 0.2512068  0.2496824  0.25387508 0.24995786 0.25180945 0.2515358
 0.24947038 0.24990426 0.24986424 0.25174144 0.25047398 0.24459317
 0.24755342 0.24974664 0.24706165 0.24693716 0.24924907 0.24627933
 0.25155807 0.25082836 0.25198367 0.2495381  0.24884443 0.24995176
 0.2513933  0.2479083  0.24950708 0.25160065 0.2501058  0.24858479
 0.25137457 0.25054696 0.2478333  0.24948414 0.24993631 0.2519749
 0.24600434 0.24979456 0.2506641  0.25217125 0.2515825  0.25054932
 0.24993224 0.25047272 0.2506605  0.24609786 0.24893512 0.2521032
 0.24590854 0.24809718 0.2433457  0.24968913 0.24710795 0.24253811
 0.24754655 0.24440388 0.24394941 0.2455698  0.24488927 0.24494968
 0.24531797 0.2452775  0.2459824  0.24506994 0.24394596 0.24365306
 0.24399915 0.24133664 0.24530451 0.24126013 0.24270691 0.246407
 0.24371089 0.24250838 0.2408043  0.23925106 0.23951764 0.24119088
 0.23683695 0.23949175 0.23599643 0.23979768 0.24246618 0.24156539
 0.23989245 0.24220102 0.24090497 0.23970571 0.24000052 0.23888278
 0.24079742 0.24105257 0.24075063 0.24024203 0.24275286 0.24240038
 0.24324138 0.2426702  0.24205957 0.24084207 0.24199358 0.24364269
 0.24661745 0.24299215 0.2443364  0.2415842  0.24009256 0.244321
 0.24283513 0.24586987 0.24675196 0.24418534 0.24596578 0.2490099
 0.24558745 0.24747196 0.24665557 0.24687245 0.24271825 0.24493246
 0.24094057 0.24500674 0.24394882 0.24293977 0.24391645 0.23972961
 0.24471019 0.24077016 0.2394577  0.24422197 0.24293984 0.243298
 0.24414827 0.2448271  0.241794   0.24337612 0.2435264  0.24345581
 0.2448626  0.24624835 0.24422438 0.24219726 0.24399501 0.24206254
 0.24276981 0.2403419  0.24213865 0.24452275 0.24202701 0.24040158
 0.23868652 0.23839837 0.2367271  0.23771231 0.23646936 0.22374909
 0.23578319 0.23594694 0.23878373 0.23770818 0.23893115 0.23681359
 0.23816262 0.23568583 0.2350205  0.2387874  0.22966501 0.23820011
 0.23275575 0.2362846  0.23729627 0.23676763 0.23398817 0.23703405
 0.23526506 0.23294948 0.23516937 0.23560269 0.23513484 0.23273198
 0.23150553 0.23424314 0.2346146  0.23204692 0.23282064 0.23381269
 0.23632646 0.23533413 0.23658405 0.23442806 0.23138836 0.23578523
 0.23700884 0.23580846 0.23695967 0.23762049 0.23849116 0.23962429]

ETTm2_336_336_iTransformer_ETTm2_ftM_sl336_ll48_pl336_dm128_nh8_el2_dl1_df128_fc1_ebtimeF_dtTrue_Exp_0  
mae:0.33935075998306274, mse:0.284963458776474, rmse:0.5338196754455566, mape:1.3558497428894043, mspe:277.4554748535156, rse:0.4320620894432068, corr:[0.27005595 0.26853892 0.269335   0.2694249  0.2700926  0.26739064
 0.2692221  0.2698995  0.26805055 0.26773846 0.26642773 0.2660218
 0.26419398 0.26356852 0.26708633 0.26236102 0.2639371  0.26295763
 0.26336178 0.2644295  0.2610877  0.26185888 0.26304865 0.26252338
 0.26114216 0.26207757 0.26176035 0.2602323  0.26053604 0.2594823
 0.25967607 0.25853246 0.25743434 0.25608325 0.25815806 0.25621125
 0.25683546 0.2556915  0.25597832 0.25744817 0.25710794 0.25733742
 0.2569639  0.25576138 0.2549043  0.25437284 0.25238436 0.25173092
 0.2527325  0.25270367 0.24996598 0.2513818  0.24989766 0.24765995
 0.24852191 0.24677303 0.24594028 0.24445638 0.24538378 0.24637094
 0.24711916 0.24479526 0.24624711 0.24591461 0.2462691  0.24696077
 0.24481578 0.2448356  0.24419193 0.24619256 0.2448607  0.24561557
 0.24563275 0.24497068 0.24615589 0.24485452 0.2451487  0.24396117
 0.24237233 0.24316545 0.24072559 0.24423178 0.24498758 0.24257916
 0.24343334 0.2440546  0.2403727  0.24318969 0.24305221 0.23918854
 0.24194276 0.23792093 0.24172872 0.24098499 0.24201767 0.23868118
 0.23956087 0.24006382 0.23730436 0.23823263 0.23703863 0.23404805
 0.23067094 0.23314248 0.23288503 0.23208544 0.2290488  0.23009035
 0.22972788 0.22876082 0.22739209 0.22785595 0.22946161 0.2291217
 0.22858888 0.22530249 0.22707231 0.22775385 0.22483805 0.22559908
 0.22679472 0.2237743  0.22688548 0.2297057  0.22543848 0.22718501
 0.22635457 0.22636615 0.22659726 0.22584234 0.22631124 0.22351572
 0.22658682 0.22462063 0.22619574 0.2214445  0.22455259 0.22742136
 0.22399518 0.22357824 0.2227718  0.22565943 0.22616543 0.22576147
 0.21955936 0.22624837 0.22392276 0.22446844 0.22067215 0.21760416
 0.22078781 0.22273807 0.21578336 0.22010465 0.22026764 0.21574342
 0.21651    0.21774423 0.21680866 0.2155283  0.2120364  0.21512012
 0.21764857 0.21230337 0.20924562 0.21429774 0.21327074 0.21017043
 0.21313657 0.2098683  0.21420625 0.21381038 0.21502726 0.2107593
 0.21135606 0.21298084 0.21419957 0.2147281  0.21301378 0.21232668
 0.21169561 0.21245211 0.21406808 0.21194437 0.20353687 0.20925975
 0.20572923 0.21000774 0.21259506 0.21328062 0.21182473 0.20982656
 0.20897901 0.20494556 0.20536478 0.21077724 0.20530926 0.20515878
 0.20376557 0.2073352  0.2030891  0.20293623 0.2029906  0.20459843
 0.20221053 0.19552734 0.19967093 0.19870843 0.20037964 0.19699603
 0.20107473 0.19910182 0.20160979 0.20141384 0.19913861 0.19587737
 0.19758548 0.19851895 0.19755594 0.19627416 0.19800851 0.19552107
 0.19536611 0.19574732 0.19681707 0.19279256 0.19158351 0.19479685
 0.19876058 0.19346005 0.19659917 0.1923883  0.19439937 0.19484113
 0.19540864 0.19064653 0.19267014 0.19389707 0.19273539 0.19375674
 0.18905078 0.19359095 0.19309293 0.19342853 0.18949056 0.19093399
 0.1849642  0.18656369 0.19105464 0.18986875 0.18972394 0.18737459
 0.1908312  0.18747585 0.19057798 0.19105102 0.18019338 0.18907207
 0.1843069  0.18608873 0.1894526  0.18617566 0.18887277 0.18332559
 0.18441905 0.18657488 0.19169164 0.18747653 0.19149938 0.1891956
 0.18942423 0.18984042 0.18987323 0.18730302 0.18684512 0.19002323
 0.1833085  0.18650663 0.18480137 0.18713605 0.1851574  0.18686673
 0.18411276 0.18297012 0.18494657 0.18524843 0.18439698 0.18143955
 0.17509961 0.17892744 0.18230884 0.1781723  0.18103875 0.1749902
 0.17606662 0.17755401 0.1815549  0.17649679 0.17868254 0.17519884
 0.17816727 0.17660436 0.17281376 0.17283686 0.17187047 0.175172
 0.18013372 0.17791942 0.17621267 0.17581218 0.17719379 0.1742773
 0.17096157 0.17202799 0.16886407 0.17316549 0.17667003 0.17566673
 0.17611425 0.17144606 0.17332782 0.16623724 0.17666523 0.17554475
 0.17434499 0.17148331 0.17605516 0.1719263  0.1774991  0.17232881
 0.17235076 0.17572747 0.1746438  0.17133787 0.17425138 0.17173812]

Exchange_336_336_iTransformer_custom_ftM_sl336_ll48_pl336_dm128_nh8_el2_dl1_df128_fc1_ebtimeF_dtTrue_Exp_0  
mae:0.45041748881340027, mse:0.3602686822414398, rmse:0.6002238392829895, mape:3.1146788597106934, mspe:3715.178466796875, rse:0.4647934138774872, corr:[0.10754645 0.10797011 0.10676384 0.10660642 0.10705023 0.10729471
 0.10574716 0.1079463  0.10727243 0.10715295 0.10560762 0.10586908
 0.10751092 0.10899407 0.10752518 0.10837505 0.1079236  0.10803322
 0.10768864 0.10724117 0.10847566 0.10685505 0.10823347 0.10800134
 0.10684766 0.10863363 0.10868452 0.10669425 0.10678574 0.10636403
 0.10694645 0.10766633 0.1069096  0.10601465 0.1065961  0.10656345
 0.10567001 0.10771415 0.1054443  0.10644123 0.10779867 0.10483982
 0.10794351 0.10683147 0.10727111 0.10670082 0.10856937 0.10675646
 0.10488453 0.10729007 0.10757729 0.107362   0.10514816 0.10571171
 0.10568382 0.10534738 0.10548618 0.10420617 0.10585193 0.1043251
 0.10508951 0.10489547 0.10467333 0.10541324 0.10594734 0.10563923
 0.10560235 0.10519193 0.10309003 0.10395956 0.10377432 0.10501324
 0.10311961 0.10449331 0.10596886 0.10356198 0.10527241 0.1039919
 0.10501558 0.10558779 0.10479339 0.10624511 0.10479608 0.10381815
 0.10434771 0.10726599 0.10392919 0.10518681 0.10565931 0.10439676
 0.10427315 0.10541103 0.10511217 0.1028771  0.10598983 0.10295868
 0.10624277 0.10646072 0.10410293 0.10747235 0.10481859 0.10580768
 0.10409118 0.10373851 0.10361598 0.10384586 0.10489369 0.10518049
 0.10243781 0.10484343 0.10583615 0.10456689 0.10204765 0.10544997
 0.10296627 0.10522442 0.1040526  0.10324003 0.1046112  0.10414203
 0.10274578 0.10399064 0.10229291 0.10470259 0.10203148 0.10290954
 0.10123564 0.10311428 0.10031939 0.10214654 0.10172285 0.10014465
 0.10204145 0.10147341 0.1028266  0.10100396 0.10082167 0.0983082
 0.10134675 0.10140799 0.10216232 0.10017589 0.09998915 0.10232024
 0.09897882 0.09822408 0.10104063 0.09750879 0.09954887 0.09873472
 0.09722799 0.09809759 0.09837656 0.09813977 0.09670729 0.09702587
 0.09765828 0.09981    0.09690895 0.09822448 0.09695987 0.09715181
 0.09816185 0.0954692  0.09623851 0.09486656 0.09565797 0.09643173
 0.09567381 0.09496091 0.09751188 0.09557752 0.09504896 0.0957145
 0.09626974 0.09444059 0.09717749 0.09594246 0.09283139 0.09437243
 0.0950732  0.09660513 0.09385473 0.09342292 0.09415869 0.09236276
 0.09294555 0.09510337 0.09218999 0.09339559 0.09107778 0.09277197
 0.08925667 0.09231047 0.09230103 0.09193558 0.08969219 0.09215574
 0.0911101  0.08767293 0.09152307 0.09172487 0.09164397 0.089209
 0.09135523 0.09032043 0.09026133 0.08987226 0.09087176 0.09237442
 0.08982774 0.0883404  0.09067369 0.08865347 0.08914896 0.08667912
 0.08878334 0.08789559 0.08805841 0.08849932 0.08901588 0.08916448
 0.08882938 0.08757819 0.08791117 0.08557243 0.08519568 0.08703655
 0.08853664 0.08907682 0.08592539 0.08554173 0.08788648 0.08635312
 0.08831729 0.08686025 0.08808384 0.08421105 0.08608135 0.08690817
 0.08641018 0.0858402  0.08495384 0.08334516 0.08600767 0.0843308
 0.08387916 0.08417407 0.08393168 0.08392368 0.08040554 0.08438111
 0.08384307 0.08452961 0.08426932 0.0849618  0.08300829 0.08444479
 0.08331206 0.08271299 0.08393475 0.08354208 0.08237261 0.08104591
 0.08259688 0.08447145 0.07877181 0.08110224 0.08244533 0.0827712
 0.07931997 0.07945856 0.08366435 0.08248401 0.08012455 0.08077227
 0.07962781 0.07961443 0.08097766 0.08178726 0.07725228 0.08027241
 0.08115602 0.08141933 0.0797575  0.07880945 0.08096079 0.08112659
 0.08022303 0.07985205 0.0792767  0.07978198 0.07906282 0.08073493
 0.07818294 0.08111482 0.07789347 0.07754098 0.07750805 0.0812896
 0.07797711 0.07720058 0.08084304 0.07925575 0.07735095 0.08092571
 0.08032636 0.07720308 0.07761806 0.07344729 0.07435683 0.07426757
 0.07734841 0.07190413 0.07373513 0.07530451 0.07766296 0.07661874
 0.07167684 0.07808138 0.07670566 0.07531929 0.07474593 0.07580094
 0.0766866  0.07546552 0.07600965 0.07293087 0.07309032 0.07195771
 0.07638554 0.07446992 0.07038387 0.07767873 0.07464591 0.07717641]

weather_336_336_iTransformer_custom_ftM_sl336_ll48_pl336_dm512_nh16_el3_dl1_df512_fc1_ebtimeF_dtTrue_Exp_0  
mae:0.2882841229438782, mse:0.2552044987678528, rmse:0.5051776766777039, mape:11.74489974975586, mspe:15712947.0, rse:0.6633878350257874, corr:[0.23281227 0.23137467 0.23070802 0.23109488 0.22983204 0.22996433
 0.23072667 0.22936435 0.22836414 0.2274711  0.22688314 0.22693042
 0.22556826 0.22562458 0.22436446 0.22402383 0.22413957 0.22237736
 0.22303921 0.22254713 0.22276372 0.22184837 0.22216503 0.22204995
 0.22120246 0.22086029 0.22012274 0.22038005 0.2190966  0.2189451
 0.21812664 0.2188823  0.21798544 0.21844059 0.21746816 0.21819668
 0.21752957 0.2176689  0.21717776 0.21636337 0.21579853 0.21627323
 0.2174738  0.21497157 0.21529818 0.21508075 0.21470876 0.21407823
 0.21530446 0.2133066  0.21259448 0.21216224 0.21093848 0.20955355
 0.21099365 0.21010707 0.2104186  0.20904785 0.20900644 0.20833662
 0.20893036 0.2075958  0.20720413 0.2067239  0.2053804  0.20696524
 0.2056949  0.20441696 0.20482802 0.20287283 0.20514455 0.20444843
 0.20513476 0.20390646 0.20451452 0.20421539 0.20412755 0.20565936
 0.2051977  0.20577705 0.20582077 0.20758536 0.20870124 0.20775029
 0.2078263  0.2090481  0.20928793 0.2098212  0.20963085 0.21060225
 0.20981435 0.21055119 0.20852956 0.20872463 0.2077679  0.20689525
 0.20649318 0.20544495 0.20514108 0.20535024 0.20494056 0.20478646
 0.20375949 0.20360439 0.20453979 0.20431082 0.2015915  0.20237163
 0.20196162 0.20140329 0.20114027 0.20301294 0.20377254 0.20243171
 0.20427494 0.20396924 0.20362343 0.20335668 0.20391448 0.20337495
 0.20193826 0.20227589 0.20152743 0.20219448 0.20316875 0.20126131
 0.200391   0.20150644 0.20188749 0.20310047 0.20242392 0.20229074
 0.20243952 0.2030746  0.20222469 0.20312224 0.20306103 0.20233734
 0.20378177 0.20266236 0.20278682 0.20300879 0.2025802  0.2014703
 0.20190261 0.20240545 0.201952   0.20156328 0.20177402 0.20199463
 0.20147121 0.19995248 0.19912767 0.19872873 0.198426   0.19706796
 0.1971316  0.19775274 0.1969116  0.19503781 0.1958348  0.19537145
 0.1957642  0.19675337 0.19691181 0.1958801  0.19627449 0.19578879
 0.19678153 0.19712533 0.19606327 0.19713736 0.19624269 0.19557601
 0.196513   0.19505204 0.19621532 0.19492799 0.19504958 0.19364385
 0.1934761  0.1932414  0.19310339 0.19457717 0.19416729 0.19342875
 0.19333453 0.19270068 0.19212691 0.19025783 0.19217807 0.19026397
 0.19024076 0.19061166 0.1907038  0.19060217 0.18969208 0.18946034
 0.1900742  0.19017734 0.187966   0.18700401 0.18626292 0.18505277
 0.18557876 0.18414158 0.18583907 0.18547775 0.1858991  0.18472995
 0.18260805 0.18379635 0.1842917  0.18411928 0.18316211 0.18392849
 0.18258056 0.1834834  0.18235792 0.18260784 0.18249127 0.1838187
 0.18387985 0.18483219 0.18558033 0.18583927 0.18620956 0.18614846
 0.18556415 0.18516739 0.185246   0.18696989 0.1868947  0.1867199
 0.18477151 0.18410341 0.18440016 0.18493411 0.1848973  0.18480515
 0.18366943 0.18326727 0.18290976 0.18338928 0.18339954 0.18358232
 0.18245535 0.18352476 0.18123217 0.18184453 0.18093674 0.18052854
 0.18162377 0.18040803 0.18005508 0.18152475 0.18045256 0.18196815
 0.17848739 0.17802608 0.179717   0.1796809  0.18071708 0.17884186
 0.18013878 0.17785849 0.17981179 0.18167461 0.18037602 0.18075545
 0.17962623 0.18102579 0.18237665 0.18282056 0.18352024 0.18107498
 0.18236102 0.18340568 0.18152286 0.18346223 0.18259908 0.1828982
 0.18184505 0.1809406  0.18142423 0.18251905 0.18417001 0.18342781
 0.18322244 0.1827712  0.18296944 0.18203077 0.18140602 0.18153249
 0.18101728 0.18086433 0.18178698 0.1797651  0.17987478 0.17961435
 0.17988472 0.1796654  0.17846742 0.1779393  0.1773677  0.17867605
 0.17897303 0.17941764 0.17837596 0.17940469 0.17723282 0.17577495
 0.17574093 0.17733403 0.17507757 0.17691006 0.17597343 0.17518292
 0.17644218 0.17581424 0.1775111  0.17511368 0.17521235 0.17381357
 0.17462352 0.1724103  0.17224608 0.17165312 0.17280258 0.17258768
 0.17205364 0.17080832 0.17066628 0.16833234 0.1679608  0.16908142]

electricity_336_336_iTransformer_custom_ftM_sl336_ll48_pl336_dm512_nh8_el2_dl1_df512_fc1_ebtimeF_dtTrue_Exp_0  
mae:0.26588624715805054, mse:0.17014840245246887, rmse:0.41249048709869385, mape:2.5690245628356934, mspe:515756.8125, rse:0.41121649742126465, corr:[0.22649758 0.22856484 0.22875653 0.22958446 0.22943501 0.2298585
 0.23004743 0.22968224 0.2298332  0.23050499 0.23155975 0.23171848
 0.2312197  0.2318522  0.23161295 0.2314363  0.23129195 0.23081586
 0.23106122 0.22988337 0.22984378 0.22889362 0.22892709 0.22772163
 0.22813116 0.22863705 0.22815818 0.2291442  0.2295672  0.22962457
 0.22944216 0.22960241 0.22939952 0.2297847  0.23095952 0.23080383
 0.23088054 0.2312405  0.23141132 0.23174606 0.2308948  0.23049039
 0.23051141 0.23022358 0.23012018 0.22967362 0.22962694 0.22868934
 0.2284194  0.22876805 0.22841516 0.22902761 0.22959012 0.22953601
 0.22968309 0.22968554 0.22960393 0.22942947 0.23008735 0.2299067
 0.23043633 0.23182975 0.23196107 0.23173282 0.23105142 0.23111618
 0.23061557 0.22990732 0.22991008 0.22924478 0.22915268 0.2285119
 0.2277399  0.22844324 0.22771938 0.22802162 0.22856756 0.22806233
 0.22793774 0.22828054 0.22805807 0.22760276 0.22873949 0.22875333
 0.23013398 0.23136589 0.2307611  0.2313208  0.23062496 0.23060189
 0.22997345 0.22902669 0.22899772 0.2288879  0.22869043 0.22793716
 0.22786614 0.22803849 0.22737962 0.22812694 0.2290163  0.22810838
 0.22791456 0.2277951  0.22771142 0.2275273  0.22826979 0.22900708
 0.22994892 0.23063014 0.22982006 0.23022577 0.22971965 0.229817
 0.22965474 0.22890854 0.22867377 0.22826004 0.22777158 0.2275553
 0.2268312  0.22733893 0.22713602 0.22731395 0.22775592 0.2271258
 0.22723167 0.22714584 0.2276112  0.22757307 0.22776924 0.22836694
 0.22920425 0.2297767  0.22915378 0.23000875 0.22987339 0.22996977
 0.22922227 0.22834685 0.22762962 0.22804853 0.22738984 0.22652908
 0.2255697  0.2265891  0.22713631 0.2278748  0.22769608 0.2272066
 0.22747526 0.22755998 0.22751284 0.22764298 0.22799133 0.22915557
 0.22943723 0.22993153 0.22957043 0.22951671 0.22949663 0.22902648
 0.22874212 0.22885153 0.2286243  0.22774336 0.22711185 0.22623818
 0.2258519  0.22708361 0.22700039 0.22667867 0.22678815 0.22672091
 0.22755352 0.22740225 0.22730891 0.227863   0.2285826  0.229018
 0.22893612 0.229445   0.22956857 0.22937183 0.22882424 0.22849052
 0.22867513 0.22772564 0.22777742 0.22678655 0.2260173  0.22525764
 0.22463155 0.22593784 0.22555883 0.2261886  0.22661577 0.22678924
 0.22635156 0.22686969 0.22619182 0.22642875 0.22763737 0.22806846
 0.22825532 0.22900356 0.22890542 0.22887859 0.22841501 0.22855657
 0.22861348 0.22805203 0.22792462 0.22702125 0.22644414 0.22592819
 0.22531779 0.22601666 0.22563945 0.22607934 0.226492   0.22635211
 0.22647268 0.22623807 0.22548185 0.2256887  0.22698772 0.22710252
 0.22750305 0.22865188 0.22849542 0.22845766 0.22844173 0.22858109
 0.22818348 0.22706497 0.22635967 0.22594848 0.22556333 0.22496682
 0.22453573 0.2253038  0.22419739 0.22486056 0.22554024 0.22447085
 0.22502258 0.2248172  0.22442167 0.22526243 0.22569862 0.22501323
 0.22663555 0.22718383 0.22759303 0.22780739 0.22783874 0.22696586
 0.2273241  0.22580078 0.22598718 0.22574523 0.22542612 0.2241123
 0.22432534 0.22489312 0.22407725 0.2245136  0.225309   0.22472568
 0.22414981 0.22435802 0.22454685 0.2243622  0.2241373  0.2250279
 0.22653382 0.2273843  0.22664574 0.22742724 0.22739032 0.22662264
 0.22684686 0.22706462 0.22616774 0.22622015 0.22533406 0.22450599
 0.22402821 0.22457753 0.2238141  0.22478056 0.22438335 0.22477776
 0.22450244 0.22485662 0.22456723 0.22417304 0.22494434 0.22565904
 0.22622167 0.22661987 0.22617477 0.2269579  0.22732775 0.22763
 0.22752728 0.22612165 0.22543874 0.22470464 0.22427084 0.22382098
 0.2233248  0.22399582 0.22422908 0.22423713 0.2242453  0.22425032
 0.22488603 0.22493522 0.22461025 0.22431497 0.22525585 0.22567762
 0.22564207 0.22668552 0.22589189 0.2264138  0.22674003 0.2267006
 0.22662772 0.22604135 0.22584276 0.22469646 0.22332275 0.22366285]

traffic_336_336_iTransformer_custom_ftM_sl336_ll48_pl336_dm512_nh8_el4_dl1_df512_fc1_ebtimeF_dtTrue_Exp_0  
mae:0.27382364869117737, mse:0.3886030316352844, rmse:0.6233803033828735, mape:2.926912784576416, mspe:139579.984375, rse:0.5116733312606812, corr:[0.13611561 0.14116299 0.14194988 0.14045997 0.1411583  0.14380045
 0.14348117 0.14175683 0.14293739 0.14224644 0.14405185 0.14287479
 0.1429699  0.14397739 0.14418831 0.14338419 0.1424537  0.1429598
 0.13959974 0.1400876  0.14076395 0.1418457  0.14190768 0.14307167
 0.14181605 0.14257227 0.1431993  0.14037403 0.14176671 0.1429152
 0.1423174  0.14044988 0.14127731 0.14011042 0.14147192 0.14239867
 0.14261064 0.14255194 0.14247441 0.14131206 0.13947377 0.1402249
 0.13842943 0.13790318 0.13844524 0.14028671 0.14177625 0.14270309
 0.14228868 0.14215146 0.14277788 0.1423302  0.1430141  0.14255881
 0.14220345 0.14168872 0.14147927 0.14170481 0.14307715 0.14266661
 0.14206794 0.14311968 0.14319137 0.14303428 0.14048147 0.13975018
 0.13874552 0.13766192 0.13855863 0.13967808 0.14254624 0.14374468
 0.14310323 0.14338247 0.14248317 0.14052396 0.13973519 0.13915958
 0.14024462 0.14117916 0.14202774 0.1430147  0.14158565 0.14114523
 0.14139768 0.1434394  0.1438049  0.14443716 0.14346491 0.14191763
 0.13987438 0.1375774  0.13866216 0.13921075 0.1420761  0.1432695
 0.1435393  0.14210038 0.13791817 0.13654537 0.13603866 0.1373824
 0.13751055 0.13910332 0.14142375 0.1417819  0.13998139 0.14041837
 0.1412139  0.1428362  0.14351699 0.1443147  0.14416859 0.14268327
 0.1407251  0.13829298 0.1405378  0.14025895 0.14024964 0.14258187
 0.14416309 0.1446593  0.14108627 0.1398798  0.13837934 0.13975054
 0.13955839 0.13877463 0.14124247 0.14189406 0.1425152  0.14312737
 0.14213371 0.14511965 0.1439644  0.14279358 0.1419847  0.14179109
 0.14063786 0.14093344 0.14124703 0.14063057 0.14178139 0.14324644
 0.14322202 0.14378063 0.14202613 0.1414895  0.14169739 0.1430148
 0.14110917 0.13993506 0.14205311 0.14026007 0.14208412 0.14327924
 0.14256977 0.14490134 0.14327678 0.14194886 0.14111568 0.14194462
 0.13790248 0.13897963 0.1407871  0.1419591  0.1423414  0.14364022
 0.14304207 0.14189644 0.14166111 0.13971716 0.14043897 0.14269869
 0.1429811  0.14083445 0.14269622 0.14272012 0.14488222 0.14401999
 0.14362569 0.1448698  0.14351106 0.14189157 0.14172159 0.14296934
 0.13855234 0.13878433 0.13987479 0.14089246 0.14144439 0.14254697
 0.14156382 0.1409697  0.14203371 0.1406538  0.14102645 0.14170326
 0.14152502 0.13906501 0.14013341 0.1408204  0.14183599 0.1423094
 0.1420202  0.14132236 0.14056277 0.13995399 0.13817061 0.13892724
 0.13815348 0.13807122 0.13794836 0.1397569  0.14198957 0.1414727
 0.14225137 0.1424222  0.14304228 0.14287126 0.14294855 0.14190964
 0.14155537 0.14096998 0.14096555 0.14154677 0.14163856 0.14243686
 0.14198126 0.14174818 0.14122824 0.14118169 0.13859808 0.13808744
 0.13872023 0.13809559 0.13830505 0.13906196 0.14163052 0.14258711
 0.1424173  0.14309728 0.14228936 0.14062601 0.13983089 0.13785066
 0.13832067 0.14056712 0.14177185 0.14239575 0.14139743 0.14099248
 0.14121374 0.14271814 0.14199509 0.14216071 0.14182857 0.1405326
 0.13952045 0.13728197 0.13903171 0.13855039 0.14129864 0.1424281
 0.14323673 0.14254028 0.13926384 0.13796121 0.13814573 0.13741581
 0.13598628 0.13740331 0.13962895 0.14040297 0.14035797 0.13954006
 0.1386835  0.14144604 0.14250575 0.14368497 0.14366566 0.14197743
 0.14013807 0.13788627 0.139966   0.13912874 0.13986917 0.14258018
 0.14404315 0.1457568  0.1428042  0.14032312 0.13912164 0.13994539
 0.13911603 0.13954288 0.14095512 0.14108665 0.14218172 0.14183788
 0.14167126 0.14329919 0.14271201 0.14134765 0.14037271 0.13909444
 0.13811535 0.1395476  0.14028147 0.1399729  0.14071965 0.14211263
 0.14184205 0.1429169  0.14185819 0.14144754 0.14077786 0.14238413
 0.14120749 0.14012598 0.14168324 0.1402155  0.14150847 0.1424816
 0.14204152 0.14308204 0.14143007 0.14083086 0.13997997 0.14114335
 0.1375703  0.13809308 0.13991775 0.1409099  0.14103727 0.14197744]

