ETTh1_336_336_Informer_ETTh1_ftM_sl336_ll48_pl336_dm128_nh8_el2_dl1_df2048_fc3_ebtimeF_dtTrue_Exp_0  
mae:0.8503724932670593, mse:1.2203166484832764, rmse:1.1046794652938843, mape:17.802017211914062, mspe:109733.484375, rse:1.0509053468704224, corr:[ 1.57787561e-01  1.33583710e-01  1.00599542e-01  1.12716310e-01
  1.40246496e-01  1.21591166e-01  1.15461029e-01  1.18592814e-01
  1.31326303e-01  1.31716475e-01  1.32788554e-01  1.31976560e-01
  1.29976243e-01  1.25143662e-01  1.29218608e-01  1.27857730e-01
  1.25845090e-01  1.24588929e-01  1.22841097e-01  1.20438710e-01
  1.23509303e-01  1.22732751e-01  1.24201886e-01  1.23910211e-01
  1.23269133e-01  1.20107256e-01  1.18211664e-01  1.14611298e-01
  1.14508644e-01  1.12377450e-01  1.09836288e-01  1.11244507e-01
  9.51143354e-02  9.62735042e-02  1.07017450e-01  1.04700573e-01
  1.01834334e-01  9.82585624e-02  9.73037258e-02  9.70541537e-02
  9.53679532e-02  9.55193862e-02  9.32009891e-02  8.96151811e-02
  8.61245543e-02  9.19142142e-02  8.99076983e-02  8.65176097e-02
  7.53350109e-02  4.77913693e-02  5.85097261e-02  4.35379297e-02
  7.85340741e-02  6.43235892e-02  7.83044100e-02  7.99614340e-02
  7.59152696e-02  7.21590817e-02  7.25056008e-02  7.17552379e-02
  8.35571364e-02  8.25982541e-02  7.89949372e-02  7.75064304e-02
  7.40964189e-02  8.68745223e-02  7.01810643e-02  8.53748396e-02
  7.47909322e-02  7.38008767e-02  6.82736337e-02  6.67180121e-02
  7.18016922e-02  6.36755005e-02  6.27441928e-02  6.05217218e-02
  5.27608842e-02  5.96815944e-02  5.90873621e-02  5.94417453e-02
  5.89874685e-02  6.15675673e-02  6.24945909e-02  6.33565634e-02
  5.92586510e-02  5.92938699e-02  6.01645112e-02  6.32167310e-02
  5.99351712e-02  6.00240417e-02  5.92279695e-02  6.21121600e-02
  5.79688586e-02  6.14876561e-02  6.10562898e-02  6.26266673e-02
  2.37796381e-02  4.43130210e-02  3.70617323e-02  5.34617603e-02
  4.88481782e-02  3.84621099e-02  3.33567671e-02  3.41686979e-02
  3.58955413e-02  3.71667668e-02  3.56234461e-02  3.69067192e-02
  3.63666564e-02  3.17364074e-02  3.59016322e-02  3.59616950e-02
  3.46544646e-02  3.60557511e-02  3.63200456e-02  4.02683914e-02
  5.19804023e-02  3.31307054e-02  3.33628841e-02  2.84036454e-02
  1.70476940e-02  3.34596038e-02  3.31689492e-02  3.54886502e-02
  3.57638411e-02  4.67441306e-02  2.93840468e-02  3.11819613e-02
  3.50012667e-02  3.60755734e-02  3.69642861e-02  3.70467789e-02
  3.80675681e-02  3.60756591e-02  3.49964574e-02  3.50627676e-02
  3.39648388e-02  3.12034544e-02  3.58589441e-02  3.88450995e-02
  3.35352905e-02  2.97715347e-02  3.41485515e-02  3.50382738e-02
  7.62753785e-02  3.26981544e-02  5.35385981e-02  7.80302808e-02
  4.95220572e-02  6.74764588e-02  5.62086441e-02  6.32570907e-02
  6.52860329e-02  6.47470206e-02  6.37537614e-02  6.39838353e-02
  6.27410859e-02  6.22553304e-02  5.94425425e-02  5.89944981e-02
  5.82786798e-02  5.76551706e-02  5.85649945e-02  5.58866858e-02
  5.45988977e-02  5.27887940e-02  5.53542636e-02  5.67550175e-02
  5.77913523e-02  5.65174408e-02  5.52687161e-02  5.39369807e-02
  5.08129410e-02  5.16509227e-02  5.26988246e-02  5.19295484e-02
  5.23368493e-02  5.04207499e-02  4.97136675e-02  5.09173200e-02
  4.98598814e-02  4.86036576e-02  4.81918417e-02  4.96361516e-02
  4.73701693e-02  4.37316373e-02  4.76029925e-02  4.64945547e-02
  4.57539596e-02  4.46699187e-02  4.87887673e-02  4.74342853e-02
  7.01112747e-02  3.33534554e-02  2.71436237e-02  5.41740172e-02
  4.05010879e-02  2.60540545e-02  4.26890850e-02  4.10260819e-02
  4.06260043e-02  3.88801359e-02  3.62064280e-02  3.41976322e-02
  3.18046212e-02  2.91011035e-02  2.63276696e-02  3.06511465e-02
  2.23105475e-02  3.38326469e-02  2.84905545e-02  2.39303019e-02
  2.11826675e-02  3.17794941e-02  8.67821649e-03  2.01135017e-02
  6.91947807e-03  1.47215398e-02  1.70823708e-02  3.85471177e-03
  1.47482892e-02  1.65738706e-02  1.29987774e-02  1.16429729e-02
  1.40430909e-02  1.31268539e-02  1.33337695e-02  1.33876735e-02
  1.21043418e-02  1.11406893e-02  9.49457660e-03  8.73022992e-03
  8.18019826e-03  7.48979440e-03  7.63140526e-03  9.57916398e-03
  6.29624212e-03  4.91548935e-03  4.49723657e-03  2.97119678e-03
  6.92908317e-02  5.83741516e-02  4.91304882e-02  6.87455460e-02
  5.18934540e-02  4.43291143e-02  7.53998086e-02  7.04980120e-02
  5.53138703e-02  6.12052903e-02  5.73563464e-02  5.87345958e-02
  5.60673513e-02  5.25509715e-02  4.92768772e-02  4.63408120e-02
  3.78669947e-02  3.91501412e-02  3.15050296e-02  3.26332971e-02
  2.83875000e-02  2.33443771e-02  2.17759460e-02  1.71567798e-02
  2.16199420e-02  1.10933203e-02  1.23486649e-02  1.00970315e-02
  7.25394255e-03  8.08794517e-03  1.00268377e-02  4.88845259e-03
  3.73219210e-03 -9.57444718e-04  3.37190623e-03  4.11880063e-03
  2.44773855e-03 -4.36873268e-03 -5.34708891e-03  6.90515200e-03
 -7.53907487e-03 -9.97002702e-03 -9.40658152e-03 -1.08083654e-02
 -1.09655736e-02 -1.17860418e-02 -1.12868594e-02 -9.46414936e-03
  3.62553000e-02  1.98003128e-02 -6.41654199e-03  1.09427702e-02
  2.22989414e-02  5.83453476e-03  8.08501616e-03  1.48804719e-02
  1.38880666e-02  1.31278513e-02  1.31031880e-02  1.40175819e-02
  1.22018987e-02  9.84874740e-03  1.18377628e-02  1.08445678e-02
  6.09809021e-03  8.62568337e-03  1.02676423e-02  9.99121182e-03
  7.38741970e-03  4.34249127e-03  5.79850841e-03  7.72895408e-04
  4.30918904e-03  2.62930058e-03  8.41854344e-05 -3.73129686e-03
 -4.38510720e-03 -6.16026856e-03 -7.22591067e-03 -1.16895828e-02
 -7.84881972e-03 -1.40122101e-02 -1.30190821e-02 -1.45884706e-02
 -1.38866743e-02 -9.47315712e-03 -1.37328431e-02 -1.23256017e-02
 -1.49197346e-02 -1.54771097e-02 -1.21677415e-02 -1.61106586e-02
 -1.64108574e-02 -6.79436559e-03 -1.43503649e-02 -1.54471677e-02]

ETTh2_336_336_Informer_ETTh2_ftM_sl336_ll48_pl336_dm128_nh8_el2_dl1_df2048_fc3_ebtimeF_dtTrue_Exp_0  
mae:1.3214232921600342, mse:2.3061771392822266, rmse:1.5186102390289307, mape:8.952351570129395, mspe:5447.10595703125, rse:1.2142047882080078, corr:[ 0.08634461  0.08976931  0.08890551  0.09067171  0.09030975  0.07111653
  0.14939639  0.15204422  0.15069996  0.14975843  0.14857912  0.14698203
  0.14662685  0.14549261  0.14547002  0.14336535  0.14298528  0.14144552
  0.1382433   0.13661242  0.13545342  0.13480169  0.13275327  0.13137855
  0.1283788   0.12704085  0.12537454  0.1236926   0.12139659  0.11954145
  0.11716636  0.11609187  0.1147394   0.11350278  0.11144257  0.11022156
  0.10889777  0.10696152  0.10540266  0.10370988  0.10230933  0.10072511
  0.09901181  0.09796345  0.0961686   0.09484201  0.09305036  0.09199723
  0.10288979  0.09169088  0.09289245  0.09518667  0.08571623  0.08213361
  0.09768403  0.09748579  0.09652136  0.09522517  0.09546929  0.09628359
  0.09456824  0.09340508  0.09297725  0.09175134  0.09032982  0.09064185
  0.09042703  0.09036893  0.08951828  0.08854543  0.08847333  0.08802625
  0.087694    0.08669401  0.08633289  0.08585021  0.08577477  0.08481398
  0.08464985  0.0837086   0.08450351  0.08338411  0.08282764  0.08200755
  0.08210227  0.08184068  0.08046661  0.07983686  0.0786649   0.0788011
  0.07719257  0.07659727  0.07607415  0.07607391  0.07507947  0.07452028
  0.07017436  0.05428798  0.06475563  0.06719098  0.0618299   0.05130547
  0.07035051  0.06626584  0.06777568  0.07038996  0.07232549  0.07410651
  0.07450925  0.07573104  0.07658866  0.07697278  0.0781211   0.07983509
  0.07934383  0.07956401  0.0809567   0.08160792  0.07998119  0.08001655
  0.07856339  0.07679415  0.07696788  0.07634072  0.07597888  0.07471196
  0.07258266  0.07251854  0.07098795  0.07118664  0.07086815  0.07049689
  0.07094633  0.07103092  0.07015015  0.07013398  0.06981254  0.06995392
  0.07110045  0.07022747  0.07127339  0.07115723  0.07028122  0.07220113
  0.04929975  0.05422557  0.04432763  0.048134    0.04495558  0.03981983
  0.04740651  0.0465249   0.04748775  0.04839836  0.04827885  0.04752595
  0.04660232  0.04796149  0.05052725  0.05080495  0.05094282  0.05217575
  0.05290332  0.0550312   0.05374171  0.0549905   0.05079773  0.05003487
  0.05930348  0.05841179  0.06242148  0.06342933  0.06439587  0.06189374
  0.05621361  0.05599406  0.05456361  0.0546172   0.05281865  0.05293876
  0.05056818  0.05263661  0.05365941  0.05150641  0.05382036  0.05375461
  0.05307597  0.05396073  0.05391835  0.05406592  0.05418055  0.05346723
  0.01313038  0.01967068  0.01899691  0.02522195  0.00857078  0.01958542
  0.00179834  0.00184564 -0.00638699 -0.00656479 -0.00736165 -0.00642089
 -0.00405813 -0.00329917 -0.00252918 -0.00208216 -0.00256657  0.00212634
  0.0018354   0.00047958 -0.00229136  0.00203334 -0.00503653 -0.00642686
 -0.00539047 -0.00681202 -0.00773303 -0.00446297 -0.00846593 -0.00947346
 -0.00968314 -0.01005351 -0.0100202  -0.01025477 -0.01072129 -0.01054043
 -0.01071477 -0.00938261 -0.00252926 -0.01158667  0.00188008 -0.00817612
 -0.00658985 -0.01133506 -0.00246885 -0.01368411 -0.01365492 -0.01554414
 -0.02870191 -0.02327085 -0.01216627 -0.02204411 -0.02098992 -0.02166178
 -0.03659692 -0.00480631 -0.03226616 -0.03968107 -0.03829864 -0.0384808
 -0.03960868 -0.03967237 -0.02124554 -0.03700265 -0.04138159 -0.04151186
 -0.03717856 -0.03456959 -0.04235513 -0.0376403  -0.01004807 -0.00857992
 -0.01616221 -0.0453152  -0.04615983 -0.0462791  -0.04780767 -0.04903088
 -0.04952868 -0.05042684 -0.05137736 -0.05255479 -0.05295081 -0.05341874
 -0.05549743 -0.0567017  -0.05888577 -0.06419764 -0.06830037 -0.0694509
 -0.05808335 -0.05880237 -0.05697317 -0.06011508 -0.06056703 -0.05948794
 -0.00253839  0.00581292  0.00062162  0.00848624  0.01991387  0.00495029
 -0.01723269 -0.01826833 -0.0191947  -0.01886883 -0.01898003 -0.01988864
 -0.02007337 -0.01964686 -0.02040526 -0.02089907 -0.01992973 -0.01956732
 -0.01980808 -0.01912967 -0.01934076 -0.01862565 -0.01885861 -0.01840513
 -0.01875789 -0.0192048  -0.02023474 -0.02082295 -0.02154396 -0.02066532
 -0.0220504  -0.02202712 -0.02276342 -0.02633385 -0.02833627 -0.02643103
 -0.0201945  -0.01970316 -0.01921496 -0.01845029 -0.01840593 -0.01825552
 -0.01815741 -0.01893037 -0.01735611 -0.01836784 -0.01808447 -0.01758785]

ETTm1_336_336_Informer_ETTm1_ftM_sl336_ll48_pl336_dm128_nh8_el2_dl1_df2048_fc3_ebtimeF_dtTrue_Exp_0  
mae:0.772078275680542, mse:1.009154200553894, rmse:1.0045666694641113, mape:3.059037446975708, mspe:595.8460693359375, rse:0.9560248255729675, corr:[0.330507   0.27516425 0.28185707 0.28577837 0.2897205  0.28234786
 0.2441913  0.26422915 0.27523604 0.27935866 0.28019074 0.29049185
 0.29053026 0.29044437 0.29340988 0.29423493 0.29622427 0.29757008
 0.29663822 0.29782057 0.29967877 0.29692954 0.2989186  0.2962301
 0.28953776 0.29438922 0.29721376 0.29809144 0.29059738 0.28841844
 0.284051   0.28398284 0.27673236 0.27797323 0.2767929  0.2755347
 0.2705689  0.27138528 0.2685582  0.26311544 0.25629756 0.25005993
 0.24465029 0.23723984 0.22929125 0.22236532 0.21467054 0.2086532
 0.37100428 0.36429942 0.3577534  0.34970474 0.33173808 0.3106993
 0.32619563 0.33585852 0.3465395  0.35623607 0.3601456  0.36899683
 0.372831   0.37872794 0.38329136 0.38477722 0.38846526 0.3917085
 0.3925468  0.3954865  0.38586977 0.40299228 0.40683326 0.40597957
 0.40757787 0.40869454 0.40943512 0.40997618 0.4099087  0.3963
 0.403271   0.3998231  0.3931945  0.390411   0.38884005 0.38604715
 0.3747431  0.3754905  0.37045595 0.3630234  0.35671112 0.35048428
 0.34314114 0.33049145 0.32121366 0.30779862 0.2947319  0.2820225
 0.23319772 0.241366   0.2467824  0.23950988 0.2363709  0.21665284
 0.19951293 0.21431229 0.2289747  0.22500621 0.23347667 0.23841126
 0.24398106 0.25284058 0.24108332 0.24535063 0.2489117  0.25126478
 0.2581255  0.26649854 0.26316565 0.26042634 0.25507867 0.25735644
 0.25087157 0.25579342 0.25813088 0.25393414 0.25711814 0.25005785
 0.25656888 0.24609841 0.24938232 0.25163928 0.24519679 0.2412858
 0.23689778 0.23214498 0.22427052 0.22362705 0.21946506 0.21188892
 0.20764321 0.2089358  0.19583756 0.1863735  0.17760783 0.17280428
 0.40778923 0.4373955  0.42060858 0.38850525 0.3543763  0.31092787
 0.33766827 0.35011432 0.3609917  0.37103024 0.37967986 0.38672274
 0.3863139  0.39660987 0.40715313 0.41251063 0.4190223  0.42287812
 0.42567053 0.4248602  0.42454326 0.42753723 0.42942446 0.43557984
 0.4362194  0.43647528 0.43825287 0.4399405  0.43964714 0.4364563
 0.44048828 0.43883002 0.437781   0.43459308 0.42986968 0.4262919
 0.41517675 0.4110905  0.40238127 0.39249352 0.38103434 0.361589
 0.31429896 0.329867   0.3128613  0.2585713  0.25395274 0.2908763
 0.2521806  0.26022002 0.2657144  0.26587465 0.25423342 0.22572267
 0.24794553 0.25078663 0.25367728 0.2555446  0.25749645 0.25869015
 0.25719452 0.2554506  0.2650177  0.26797593 0.26306176 0.2654901
 0.26433495 0.26505196 0.2545612  0.26313353 0.25476998 0.25370434
 0.24289398 0.2600579  0.25853214 0.25571248 0.2529423  0.25600147
 0.25675756 0.25394443 0.25028762 0.24918237 0.24650788 0.24255566
 0.2372331  0.23292208 0.22772387 0.22337554 0.21910049 0.214732
 0.20935802 0.20705122 0.1970833  0.19650412 0.1912797  0.1833864
 0.35887867 0.3458072  0.32890624 0.31361353 0.29433674 0.295919
 0.30664438 0.31606078 0.31205177 0.3183273  0.32716772 0.33437604
 0.33836737 0.34122106 0.34667632 0.34892753 0.3563394  0.351389
 0.36611181 0.36953098 0.3845486  0.38870278 0.36731985 0.34664539
 0.33987084 0.3700826  0.37031138 0.36467928 0.36591655 0.36780697
 0.35980314 0.36271083 0.35802698 0.35703945 0.35311306 0.35037288
 0.34749535 0.34189734 0.33182558 0.32096657 0.31147704 0.2985912
 0.2963609  0.28564957 0.27405843 0.26188937 0.24924734 0.23539124
 0.22759601 0.23709817 0.26145792 0.26942223 0.24653898 0.22957367
 0.2168182  0.23312573 0.24000081 0.24642764 0.25058144 0.25235605
 0.26150334 0.26895186 0.26392618 0.26178214 0.26456067 0.26833487
 0.27348742 0.27635798 0.27306482 0.26743737 0.26877457 0.26655728
 0.2656215  0.25716686 0.25656474 0.24662532 0.25391358 0.25083056
 0.2336611  0.22961688 0.23546186 0.23053752 0.22622411 0.22545576
 0.22963013 0.20352323 0.1805989  0.20777398 0.20204067 0.1985266
 0.19204439 0.18560916 0.17688628 0.1648593  0.16602756 0.15898757]

ETTm2_336_336_Informer_ETTm2_ftM_sl336_ll48_pl336_dm128_nh8_el2_dl1_df2048_fc3_ebtimeF_dtTrue_Exp_0  
mae:1.0099871158599854, mse:1.59992516040802, rmse:1.2648814916610718, mape:10.303849220275879, mspe:18463.380859375, rse:1.0217554569244385, corr:[0.2890924  0.33091724 0.32323825 0.3033538  0.2662745  0.24397914
 0.40147442 0.4030721  0.4049567  0.4085669  0.4116019  0.4126768
 0.41409677 0.41513914 0.41589412 0.41640398 0.41830873 0.41756016
 0.41587424 0.4152716  0.41397768 0.41191283 0.40863147 0.40564114
 0.40386227 0.40284812 0.40301123 0.4023943  0.40034473 0.3981631
 0.39490262 0.3932517  0.3907851  0.38781515 0.38419878 0.38111073
 0.37903965 0.3772494  0.37562862 0.37510192 0.37468356 0.37359443
 0.37231913 0.3713895  0.37060454 0.36858606 0.36712515 0.36471385
 0.31421062 0.28531992 0.29428455 0.27945864 0.22584425 0.21841665
 0.30873957 0.31185573 0.31487888 0.31806463 0.32028994 0.3240285
 0.32686013 0.32928747 0.33041298 0.33117855 0.33065784 0.3299621
 0.3286239  0.3272942  0.32607943 0.32325065 0.32076398 0.31866372
 0.31700975 0.31462565 0.3080184  0.30944112 0.31282187 0.3120074
 0.31404743 0.31648645 0.3133927  0.31139797 0.31013227 0.309004
 0.307779   0.30607912 0.30408034 0.30200788 0.29916298 0.29382434
 0.29413223 0.29137623 0.28883883 0.28653023 0.2839566  0.28117943
 0.126811   0.12212621 0.13214004 0.1432369  0.12740883 0.11985341
 0.18071191 0.1839864  0.18697283 0.18872789 0.19108683 0.19260502
 0.19379207 0.19522144 0.19602083 0.19699594 0.19783656 0.1972591
 0.19685441 0.1947591  0.19321543 0.19161534 0.18932134 0.18710627
 0.18555759 0.18451574 0.18411325 0.18395534 0.18303445 0.18173857
 0.18076931 0.17978579 0.17814419 0.17780648 0.17717372 0.17717479
 0.17752416 0.17765589 0.17687473 0.17631298 0.17769235 0.17952183
 0.17905645 0.17899592 0.17966522 0.17981558 0.18038547 0.18135622
 0.13635905 0.13260794 0.12411261 0.10093557 0.09961075 0.10342997
 0.14172983 0.14190245 0.1430942  0.14451742 0.14663005 0.14976649
 0.15313032 0.15355726 0.15516102 0.15833198 0.1607501  0.16312602
 0.16658436 0.16915171 0.17073402 0.17329437 0.1754973  0.17682792
 0.1780963  0.1774048  0.17570485 0.17542508 0.17540298 0.17363086
 0.17260827 0.17179354 0.16950032 0.16777776 0.16688251 0.16573228
 0.16447285 0.16410366 0.16439861 0.16411224 0.16234994 0.16076949
 0.15926577 0.15753515 0.15492739 0.15169883 0.1491809  0.14744902
 0.08815495 0.09739076 0.10201362 0.11123133 0.10057366 0.06891522
 0.10726976 0.10722025 0.10723786 0.10853471 0.11133096 0.11398824
 0.11742189 0.12302642 0.12650374 0.1289471  0.13101164 0.13472733
 0.13883881 0.14313343 0.14729974 0.15086825 0.15205327 0.15287545
 0.15276833 0.15262099 0.1523997  0.15169722 0.15122195 0.15142553
 0.15131888 0.15130521 0.15183817 0.15231736 0.1522566  0.1530584
 0.15530762 0.1589666  0.15740381 0.15417314 0.14978215 0.14775833
 0.15104406 0.15013887 0.14906646 0.14923531 0.1502848  0.1507319
 0.09196293 0.08888517 0.08058177 0.07423148 0.06858643 0.07924057
 0.10545647 0.10800673 0.11256805 0.11701925 0.12060701 0.12410147
 0.12933747 0.13198905 0.13446331 0.13687539 0.13807844 0.13856584
 0.13979658 0.13947372 0.1396254  0.14011124 0.14081655 0.14137664
 0.14112315 0.14157185 0.14235564 0.14240149 0.1420372  0.141681
 0.14256269 0.13942261 0.13818361 0.13696039 0.13566938 0.13459781
 0.13302526 0.13190551 0.13050203 0.12838584 0.12586369 0.12575065
 0.12576859 0.12478585 0.12354653 0.12247951 0.121388   0.12018456
 0.15255837 0.12992817 0.12836398 0.12318139 0.12919618 0.14585601
 0.1381166  0.13784227 0.13788807 0.13889517 0.13979052 0.14123306
 0.14308706 0.1446966  0.14641386 0.14805198 0.14995962 0.15140139
 0.15227415 0.15263933 0.15297678 0.15291695 0.1529908  0.15338978
 0.15401116 0.15515253 0.15647262 0.15790792 0.15880194 0.15999274
 0.16080646 0.16145366 0.161901   0.16171907 0.1615686  0.16114414
 0.16074146 0.16078568 0.16072372 0.16044046 0.15781805 0.1557744
 0.16580196 0.16764218 0.16680498 0.16594954 0.1648114  0.16422452]

exchange_336_336_Informer_custom_ftM_sl336_ll48_pl336_dm128_nh8_el2_dl1_df2048_fc3_ebtimeF_dtTrue_Exp_0  
mae:0.9549024701118469, mse:1.2231427431106567, rmse:1.1059578657150269, mape:5.090873718261719, mspe:9273.6123046875, rse:0.8588975071907043, corr:[ 8.34110081e-02  6.97349533e-02  5.83897009e-02  4.27706130e-02
  6.13429137e-02  6.36713877e-02  9.01638493e-02  9.19410214e-02
  9.49096084e-02  9.67111364e-02  9.63124856e-02  1.00700617e-01
  1.05840735e-01  1.09372482e-01  1.13881774e-01  1.16631545e-01
  1.16755120e-01  1.16984271e-01  1.17289044e-01  1.18206210e-01
  1.17708944e-01  1.15783669e-01  1.15254186e-01  1.15124166e-01
  1.13423787e-01  1.12084255e-01  1.11296549e-01  1.11928172e-01
  1.15095705e-01  1.17566414e-01  1.19401678e-01  1.19896024e-01
  1.21126518e-01  1.18936785e-01  1.20319210e-01  1.21926174e-01
  1.23686627e-01  1.23324275e-01  1.23198949e-01  1.23379171e-01
  1.23674400e-01  1.24398962e-01  1.26158133e-01  1.27111942e-01
  1.27145872e-01  1.27505347e-01  1.26752615e-01  1.26073420e-01
 -2.73280381e-03  1.72035936e-02  2.08375733e-02  1.95304621e-02
  6.06590742e-03  3.75234596e-02  1.80242099e-02  1.58125497e-02
  1.01860287e-02  1.79760926e-03 -3.53779318e-03 -3.28250881e-03
 -4.64564329e-03 -8.79225228e-03 -1.08709568e-02 -1.09865898e-02
 -1.14906551e-02 -1.01768775e-02 -7.74114579e-03 -1.11759752e-02
 -1.25486040e-02 -9.63911507e-03 -8.48011486e-03 -7.11535895e-03
 -5.13320928e-03 -5.73018054e-03 -7.28396419e-03 -8.25912412e-03
 -6.60644984e-03 -2.90517812e-03  3.05654528e-03  1.20750237e-02
  1.61249302e-02  2.00109836e-02  2.47849599e-02  2.75863931e-02
  2.64090076e-02  2.35617273e-02  2.16222238e-02  1.74865909e-02
  1.52307320e-02  1.83374844e-02  2.12112833e-02  2.10434962e-02
  2.27249898e-02  2.16119383e-02  2.25801393e-02  2.47081257e-02
 -6.76314812e-03 -3.44130513e-03 -1.25085181e-02 -1.48362631e-03
 -1.26530100e-02 -2.01477055e-02 -2.58334968e-02 -2.76559256e-02
 -2.80324891e-02 -2.89382041e-02 -3.32325213e-02 -3.48330140e-02
 -3.40915546e-02 -3.10888942e-02 -2.90670525e-02 -2.88825855e-02
 -2.86937188e-02 -2.85879169e-02 -2.92086992e-02 -2.83226874e-02
 -2.81832013e-02 -2.87209433e-02 -2.85982881e-02 -2.77695693e-02
 -2.62566227e-02 -2.56641861e-02 -2.34478246e-02 -2.19347682e-02
 -2.04483699e-02 -1.87436808e-02 -1.73590183e-02 -1.62885617e-02
 -1.49115082e-02 -1.33780520e-02 -1.15683936e-02 -9.36499052e-03
 -7.30437273e-03 -5.69618214e-03 -3.82586941e-03 -2.84493924e-03
 -1.97109208e-03 -4.98733483e-04 -2.85339356e-05  8.50257871e-04
  3.15375789e-03  3.49280820e-03  5.11294371e-03  3.32099898e-03
 -2.79592834e-02 -1.60672534e-02 -2.52955649e-02 -3.98031995e-02
 -1.87312551e-02 -3.09297796e-02 -2.05944441e-02 -2.04883814e-02
 -2.10529659e-02 -2.10657120e-02 -2.05160659e-02 -2.05025095e-02
 -2.09866278e-02 -2.18773838e-02 -2.18783654e-02 -2.08827928e-02
 -1.96478069e-02 -1.80785600e-02 -1.62105169e-02 -1.60829499e-02
 -1.61882490e-02 -1.57808345e-02 -1.54319573e-02 -1.50428815e-02
 -1.49482489e-02 -1.42170191e-02 -1.35106705e-02 -1.28551098e-02
 -1.27084441e-02 -1.23567199e-02 -1.20264338e-02 -1.17563531e-02
 -1.15679596e-02 -1.13506699e-02 -1.09758517e-02 -1.11095328e-02
 -1.11849112e-02 -1.08940788e-02 -1.06374836e-02 -1.06436014e-02
 -1.07092382e-02 -1.07863089e-02 -1.10117812e-02 -1.09602977e-02
 -1.11322450e-02 -1.14504909e-02 -1.16560264e-02 -1.17277242e-02
 -4.30562310e-02 -3.12356893e-02 -3.75454910e-02 -2.56680008e-02
 -3.61308493e-02 -4.08665948e-02 -2.46031452e-02 -2.63010114e-02
 -2.77005862e-02 -2.85922810e-02 -2.94992197e-02 -2.92475689e-02
 -2.77310051e-02 -2.86373850e-02 -2.74469350e-02 -2.72953007e-02
 -2.77316105e-02 -2.85528470e-02 -2.90650949e-02 -2.94513330e-02
 -2.98600141e-02 -3.02930530e-02 -2.97114551e-02 -2.85036303e-02
 -2.74907853e-02 -2.64289305e-02 -2.60752738e-02 -2.63256785e-02
 -2.61074081e-02 -2.57765986e-02 -2.51098126e-02 -2.39514075e-02
 -2.38252040e-02 -2.35349666e-02 -2.40744706e-02 -2.40494460e-02
 -2.42730509e-02 -2.43130438e-02 -2.45600902e-02 -2.48983931e-02
 -2.48538628e-02 -2.48013809e-02 -2.50673518e-02 -2.53730789e-02
 -2.60962881e-02 -2.65995059e-02 -2.70514693e-02 -2.78485101e-02
 -5.29890507e-02 -4.71894741e-02 -5.54601029e-02 -5.87915070e-02
 -6.04955964e-02 -6.42025173e-02 -7.59773254e-02 -7.68055916e-02
 -7.62658492e-02 -7.59374052e-02 -7.57711157e-02 -7.62302205e-02
 -7.61781782e-02 -7.61721134e-02 -7.58030340e-02 -7.58331269e-02
 -7.56429732e-02 -7.63033107e-02 -7.60560185e-02 -7.55888522e-02
 -7.49021247e-02 -7.44889304e-02 -7.42040873e-02 -7.33792484e-02
 -7.20462427e-02 -7.09941685e-02 -6.98716938e-02 -6.82444721e-02
 -6.74602017e-02 -6.58742785e-02 -6.47957847e-02 -6.30236492e-02
 -6.18999116e-02 -5.83349466e-02 -5.57247996e-02 -5.61590269e-02
 -5.95530793e-02 -6.01784997e-02 -6.01426587e-02 -6.07924536e-02
 -6.21186346e-02 -6.34394139e-02 -6.37105629e-02 -6.35663569e-02
 -6.28744587e-02 -6.32788911e-02 -6.31969050e-02 -6.33317381e-02
 -8.05840567e-02 -1.05141141e-01 -9.32294428e-02 -9.59829092e-02
 -1.07946754e-01 -9.23054889e-02 -8.20685774e-02 -1.08185805e-01
 -1.10366970e-01 -1.08661465e-01 -1.05896413e-01 -8.81242156e-02
 -7.74366185e-02 -7.57136494e-02 -8.72300193e-02 -8.29481781e-02
 -7.65100047e-02 -7.53964335e-02 -7.43412226e-02 -7.10977986e-02
 -6.25415295e-02 -5.37885502e-02 -5.01944236e-02 -4.71901484e-02
 -5.47393598e-02 -5.50060980e-02 -5.36752343e-02 -5.20207398e-02
 -5.00974543e-02 -4.88007218e-02 -4.68051024e-02 -4.52955887e-02
 -4.40009832e-02 -4.16434854e-02 -3.88767049e-02 -3.50744165e-02
 -2.30294410e-02 -2.75798701e-02 -2.89275255e-02 -2.73680296e-02
 -2.55639255e-02 -2.37595271e-02 -2.26157326e-02 -2.22638417e-02
 -2.35639140e-02 -2.49939952e-02 -1.78753603e-02 -2.79029887e-02]

electricity_336_336_Informer_custom_ftM_sl336_ll48_pl336_dm128_nh8_el2_dl1_df2048_fc3_ebtimeF_dtTrue_Exp_0  
mae:0.7855300903320312, mse:0.9837883114814758, rmse:0.9918610453605652, mape:4.886371612548828, mspe:1925367.75, rse:0.9871606826782227, corr:[ 4.45841849e-01  4.23628867e-01  2.83835739e-01  2.37128213e-01
  3.35882068e-01  2.77942628e-01  4.60403338e-02  2.62396723e-01
  2.93580025e-01  2.89832294e-01  2.95050472e-01  2.73845494e-01
  8.89917538e-02  1.34766772e-01  1.37804106e-01  1.35896161e-01
  1.43907025e-01  1.47228509e-01  1.43975019e-01  1.40033916e-01
  1.33157432e-01  1.14417352e-01  9.04135108e-02  6.52806908e-02
  3.74298841e-02  1.06126107e-02 -9.88665316e-03 -2.54432894e-02
 -3.65163796e-02 -4.07592654e-02 -3.32335904e-02 -2.98300777e-02
 -1.53174931e-02  6.31006155e-03  3.68267857e-02  7.06372336e-02
  1.17279664e-01  1.70127958e-01  1.83637649e-01  2.00306982e-01
  2.20051646e-01  2.28828087e-01  2.29236886e-01  2.21225619e-01
  2.06996650e-01  1.80137575e-01  1.47242546e-01  1.13533437e-01
  4.48449254e-01  4.12846863e-01  2.38353863e-01  2.06235573e-01
  2.87891179e-01  1.54397726e-01 -1.61056183e-02 -8.65520351e-03
 -1.13601440e-04  1.06265135e-02  2.01065112e-02  3.18317488e-02
  1.19000316e-01  6.43456727e-02  7.69592971e-02  9.37001407e-02
  1.07470758e-01  1.14318289e-01  1.45046636e-01  1.16380364e-01
  9.28102210e-02  7.20490888e-02  6.00764751e-02  3.64049636e-02
  9.41535924e-03 -1.60094872e-02 -3.54526751e-02 -5.39018102e-02
 -6.75220639e-02 -7.16581792e-02  7.61605725e-02  2.45065004e-01
  3.58848244e-01  3.91781867e-01  3.93211097e-01  3.71239305e-01
  2.04016998e-01  1.24289535e-01  1.54951677e-01  1.82516366e-01
  2.02791631e-01  2.12482765e-01  2.03283519e-01  2.06162766e-01
  1.81158006e-01  1.44504607e-01  1.15243450e-01  6.54753447e-02
  4.45897669e-01  4.13855910e-01  3.17715913e-01  3.31764251e-01
  3.87997240e-01  3.46420974e-01  8.47886056e-02  2.85050184e-01
  2.74505079e-01  2.57540524e-01  2.66054362e-01  2.44849101e-01
  8.48241895e-02  1.24874152e-01  1.46082759e-01  1.58896819e-01
  1.68357030e-01  1.74491480e-01  1.75672337e-01  1.74016416e-01
  1.65876597e-01  1.51661590e-01  1.32863015e-01  1.10689372e-01
  9.03852060e-02  7.00102970e-02  5.56441247e-02  4.06678468e-02
  2.66180169e-02  2.59842314e-02  3.92611362e-02  3.33325714e-02
  4.25129198e-02  6.25707284e-02  8.63196552e-02  1.13295391e-01
  1.56266838e-01  1.95566341e-01  2.10241154e-01  2.25640774e-01
  2.39910468e-01  2.47890517e-01  2.48627484e-01  2.45923892e-01
  2.33150423e-01  2.13487715e-01  1.86354458e-01  1.55577421e-01
  4.45381999e-01  4.16107625e-01  2.95774370e-01  2.43478030e-01
  3.15975994e-01  2.03845933e-01  2.87209600e-02  4.50247377e-02
  5.42863198e-02  6.67895377e-02  8.62526894e-02  1.02196760e-01
  1.11990631e-01  1.33615285e-01  1.55629113e-01  1.65780395e-01
  1.67001039e-01  1.76296994e-01  1.81655094e-01  1.70076698e-01
  1.51878551e-01  1.36490762e-01  1.06826529e-01  7.53609538e-02
  4.56647277e-02  2.88974736e-02 -2.95803370e-03 -4.96985111e-03
  4.47104365e-04  1.33285755e-02  7.85137042e-02  3.28114688e-01
  3.76354218e-01  3.89900267e-01  3.75070512e-01  3.41291994e-01
  1.52544141e-01  1.91723511e-01  2.25888520e-01  2.46301219e-01
  2.58044422e-01  2.65470713e-01  2.66563892e-01  2.51614183e-01
  2.27263257e-01  1.99261978e-01  1.61352530e-01  1.29791111e-01
  4.44418788e-01  4.20332819e-01  3.01203161e-01  3.03026557e-01
  3.78769308e-01  3.51437449e-01  1.04906976e-01  3.32662612e-01
  3.25951904e-01  3.00092429e-01  2.93134868e-01  2.77009487e-01
  1.05996899e-01  1.48408920e-01  1.75182015e-01  1.90986469e-01
  2.10517064e-01  2.18464121e-01  2.08329067e-01  2.09730968e-01
  2.00996488e-01  1.80375591e-01  1.52262300e-01  1.20852232e-01
  8.64097327e-02  5.07352948e-02  2.06630155e-02  5.47620351e-04
 -1.57633964e-02 -2.65734103e-02 -5.03023621e-03 -8.72080959e-03
  9.37679131e-03  3.61007527e-02  6.87006339e-02  1.06892310e-01
  1.53368220e-01  2.00575456e-01  2.25447968e-01  2.43324772e-01
  2.60443866e-01  2.70642221e-01  2.64559716e-01  2.63087571e-01
  2.51593709e-01  2.28362590e-01  1.96736425e-01  1.55430928e-01
  4.43178236e-01  4.24636334e-01  3.22760463e-01  3.13298017e-01
  3.93876553e-01  3.67441654e-01  1.10285826e-01  3.39544237e-01
  3.29993784e-01  3.07791501e-01  3.13936710e-01  2.96033144e-01
  7.99283683e-02  1.54239982e-01  1.99023992e-01  2.21147224e-01
  2.49384299e-01  2.51333892e-01  2.26208389e-01  2.30672508e-01
  2.25505307e-01  2.10581705e-01  1.87486514e-01  1.59830093e-01
  1.29576057e-01  9.34213400e-02  6.38365224e-02  3.67770307e-02
  1.66227520e-02 -4.86287056e-03  2.96709570e-03  3.05082230e-03
  1.44891934e-02  3.47167403e-02  5.79451658e-02  9.00735259e-02
  1.37086898e-01  2.00454950e-01  2.18186468e-01  2.33353019e-01
  2.52265871e-01  2.64862388e-01  2.64340490e-01  2.63532966e-01
  2.58486748e-01  2.40686357e-01  2.15265289e-01  1.83650285e-01
  4.50743586e-01  4.20934409e-01  3.38891715e-01  3.37732613e-01
  3.80077630e-01  3.21630806e-01  1.04131840e-01  3.09811980e-01
  3.25021654e-01  3.22387904e-01  3.35969567e-01  3.14547181e-01
  9.34347287e-02  1.52936161e-01  1.77756980e-01  1.74839154e-01
  1.84879750e-01  1.83573186e-01  1.89584091e-01  1.91310987e-01
  1.85889244e-01  1.70007974e-01  1.53213575e-01  1.29769325e-01
  1.11103691e-01  8.97202119e-02  7.25572035e-02  5.24668545e-02
  3.01449317e-02  2.01144312e-02  3.61170843e-02  3.35477814e-02
  4.32306901e-02  5.94957098e-02  7.66248032e-02  1.00417346e-01
  1.42619774e-01  2.34646842e-01  2.44636714e-01  2.31623694e-01
  2.43573964e-01  2.43654758e-01  2.36381158e-01  2.35314593e-01
  2.31681243e-01  2.13013709e-01  1.92063957e-01  1.65864751e-01]

weather_336_336_Informer_custom_ftM_sl336_ll48_pl336_dm128_nh8_el2_dl1_df2048_fc3_ebtimeF_dtTrue_Exp_0  
mae:0.7456681132316589, mse:1.0079210996627808, rmse:1.0039527416229248, mape:13.3770170211792, mspe:15327824.0, rse:1.318489670753479, corr:[0.3746213  0.3590772  0.36228424 0.36791733 0.38676932 0.39603388
 0.42148992 0.42460313 0.4264339  0.42952144 0.43083194 0.43043402
 0.43193212 0.43511137 0.43543926 0.43748856 0.43869317 0.437246
 0.44070625 0.44138724 0.44151923 0.4409289  0.4408112  0.43962187
 0.44031376 0.43955797 0.4386879  0.4374597  0.4357141  0.43378264
 0.4333961  0.43183148 0.43115947 0.42690796 0.42700186 0.429966
 0.42116436 0.42380866 0.4201132  0.42151168 0.41983333 0.4179185
 0.41802105 0.4100857  0.40682697 0.40835407 0.41029277 0.4109726
 0.3128453  0.319503   0.322105   0.3137674  0.32419154 0.32708138
 0.3531219  0.3670705  0.36732855 0.3670063  0.36614203 0.36339736
 0.36537024 0.36660486 0.36591575 0.36669695 0.36614764 0.36512008
 0.36501974 0.36383963 0.3637836  0.36343008 0.362896   0.36421493
 0.3658155  0.36703166 0.3676047  0.3696415  0.3682828  0.3689066
 0.36769217 0.36655915 0.3652807  0.36488083 0.3636991  0.36255062
 0.3618912  0.36123815 0.35988542 0.35845813 0.3571944  0.35530913
 0.35389388 0.35112315 0.3496531  0.34836212 0.34702408 0.35302904
 0.33916655 0.3344646  0.33751774 0.3360057  0.3487642  0.35305765
 0.3683013  0.37780753 0.3765882  0.37415928 0.37437016 0.37580052
 0.37712127 0.37705675 0.37762192 0.37915996 0.38136554 0.38122672
 0.38170153 0.38522112 0.386529   0.3884107  0.38863298 0.3915502
 0.39255038 0.39302513 0.39288774 0.39366564 0.39286885 0.38848796
 0.3887879  0.3899357  0.39007154 0.38975936 0.38837382 0.3866541
 0.38129342 0.38016582 0.3787659  0.37816292 0.3747976  0.3728451
 0.3679968  0.3686994  0.35458744 0.34599262 0.34031108 0.34162894
 0.13662076 0.20634848 0.22198604 0.23783337 0.23730023 0.23288196
 0.24843949 0.25282624 0.25343293 0.25503483 0.26242396 0.26770297
 0.26561058 0.2621216  0.2614312  0.26778084 0.269281   0.268736
 0.27318448 0.27216658 0.26640934 0.26343644 0.26881027 0.26725903
 0.26158592 0.259598   0.25973845 0.25711676 0.25390166 0.25183985
 0.24922061 0.24346726 0.24229324 0.24332573 0.24376519 0.23976414
 0.23895484 0.2386363  0.232396   0.22868745 0.23011436 0.228605
 0.224912   0.21994796 0.22309366 0.22436668 0.22219972 0.22371301
 0.09649962 0.11853472 0.11301466 0.14620274 0.16152199 0.1721896
 0.19016746 0.18465948 0.18326427 0.18743727 0.19044857 0.19238916
 0.19327533 0.19466999 0.19502553 0.19566348 0.19253528 0.19085635
 0.19015867 0.19097516 0.18758054 0.1936002  0.19881856 0.20373696
 0.2098449  0.20547122 0.20952158 0.20716998 0.2052424  0.20411275
 0.20440084 0.20388523 0.20326132 0.19851652 0.1998912  0.19353494
 0.21187443 0.20645389 0.20006399 0.20951732 0.21425241 0.21909428
 0.18996505 0.18498379 0.19306731 0.20317547 0.20537522 0.19682844
 0.20996512 0.20044968 0.19584242 0.2039894  0.21690597 0.21687761
 0.24915512 0.25457007 0.26242417 0.25914046 0.24664246 0.2418363
 0.23920658 0.2432091  0.23605825 0.23566426 0.23452048 0.23283729
 0.23698467 0.23861778 0.23014858 0.23268485 0.24090987 0.24327388
 0.23550981 0.24205203 0.24483608 0.24234268 0.23612694 0.24214303
 0.25056946 0.25336215 0.25170895 0.24411862 0.24208072 0.24207528
 0.23814926 0.2364092  0.23437132 0.23282959 0.23085928 0.22845337
 0.22733688 0.22255832 0.21935238 0.22025654 0.21785466 0.21623464
 0.15725471 0.17626993 0.19666393 0.21402273 0.21933345 0.2228597
 0.23161681 0.22012998 0.22559851 0.22701867 0.21331453 0.20366377
 0.22252773 0.22545694 0.22511348 0.22717308 0.22390904 0.23015346
 0.23063853 0.22928238 0.23235178 0.2244692  0.22264954 0.23039377
 0.23307803 0.22881392 0.23223741 0.2314492  0.23357145 0.23312579
 0.23210138 0.22978547 0.23014668 0.22890243 0.22688524 0.22569333
 0.22057188 0.21473043 0.2214945  0.21356599 0.21634787 0.21424906
 0.22320318 0.2194516  0.22385952 0.20724536 0.22133006 0.22028273]

traffic_336_336_Informer_custom_ftM_sl336_ll48_pl336_dm128_nh8_el2_dl1_df2048_fc3_ebtimeF_dtTrue_Exp_0  
mae:0.8119338154792786, mse:1.4679183959960938, rmse:1.2115768194198608, mape:3.801637887954712, mspe:337817.46875, rse:0.9942532181739807, corr:[ 0.1785639   0.16357465  0.07291541  0.07864782  0.11507595  0.08780221
  0.03688947  0.04873851  0.05431572  0.05479145  0.05587258  0.05515968
  0.07644881  0.04771659  0.04646416  0.04160475  0.03475407  0.02963012
  0.04170904  0.02429688  0.01916514  0.01626428  0.01597578  0.01571127
 -0.01862304  0.02310902  0.02394686  0.03068107  0.03778113  0.04049715
  0.01605137  0.04703917  0.0422463   0.04608465  0.0484614   0.04765198
  0.09646271  0.03134995  0.0360777   0.0312972   0.02200692  0.01204261
  0.03905257  0.01940263  0.00283424  0.00084067 -0.00077596  0.00109825
  0.16589092  0.16222449  0.06694529  0.09573217  0.13170241  0.11388767
  0.03088869  0.03581541  0.03931944  0.04369375  0.0455029   0.04655135
  0.04632292  0.04516665  0.0444953   0.04377401  0.04436821  0.0408984
  0.03668411  0.0344951   0.03242808  0.02949386  0.0244295   0.02130242
  0.02155197  0.0149638   0.01351087  0.01340948  0.01655373  0.02288681
  0.03282748  0.02953637  0.02926427  0.03249822  0.03714516  0.04101602
  0.04403812  0.04190367  0.04307399  0.04506612  0.04568379  0.04372283
  0.03957057  0.03776938  0.03492977  0.02949885  0.02070656  0.01420181
  0.1734971   0.15086593  0.05381704  0.09582538  0.13399684  0.10441454
  0.02242255  0.03122631  0.03621482  0.04348353  0.05065231  0.0544815
  0.06603072  0.05690572  0.05739005  0.05808759  0.05802161  0.05356462
  0.05799473  0.03599758  0.02551365  0.0166379   0.0095141   0.00562287
 -0.01750094  0.00546405  0.01013087  0.01538153  0.02038548  0.0234419
  0.01516333  0.03586899  0.04218052  0.04328299  0.0492677   0.05330587
  0.09990873  0.0542452   0.04628959  0.04032214  0.03532258  0.02907914
  0.0374297  -0.00319414  0.00226285 -0.00601214 -0.01328696 -0.01983011
  0.17249204  0.14855036  0.06448573  0.08559878  0.13689591  0.10324999
  0.04399092  0.05098551  0.05120203  0.05493454  0.05753591  0.05549837
  0.06426982  0.0536058   0.05180592  0.04627927  0.0387276   0.03235302
  0.04947848  0.0274663   0.02427984  0.01380743  0.0081435   0.00485521
 -0.02610027  0.0010878   0.00235126  0.00795399  0.01592298  0.0209469
  0.01803396  0.02548127  0.03039831  0.03726413  0.04061148  0.04245184
  0.07063144  0.03242643  0.03705278  0.02899838  0.01967295  0.0134689
  0.04281234  0.0041838   0.00081809 -0.00401654 -0.01135877 -0.01829842
  0.17387448  0.15042354  0.04311883  0.04418908  0.08473367  0.07181993
  0.01537692  0.00942239  0.01082468  0.01577698  0.01508354  0.01275929
  0.01520648  0.01634461  0.01205221  0.00612786  0.00389293  0.00312871
  0.00429327  0.00730667  0.00660625  0.00060951 -0.00441104 -0.00672416
 -0.00979239 -0.01099779 -0.00577914  0.00190737  0.00938402  0.016845
  0.01843843  0.01600026  0.02266618  0.03228109  0.03616992  0.03314589
  0.03387347  0.02957967  0.02497328  0.0203326   0.01869275  0.01528663
  0.01372421  0.01363206  0.01050229  0.00068352 -0.00803958 -0.01462232
  0.16183738  0.15618917  0.06532157  0.08229415  0.12944812  0.10240257
  0.02142911  0.02471918  0.03098114  0.03929528  0.04582369  0.05169344
  0.05776728  0.06462792  0.06850902  0.0682533   0.0651755   0.05662969
  0.05088764  0.04346681  0.03646643  0.02736282  0.02540134  0.0227796
  0.01770908  0.01317962  0.01285642  0.01390202  0.01679701  0.02112023
  0.02547929  0.02732338  0.02942     0.03329421  0.03889025  0.04425602
  0.04874855  0.05125794  0.04995159  0.04726491  0.04495436  0.0394812
  0.0344747   0.03073048  0.02785202  0.01918358  0.01506464  0.00822124
  0.17475905  0.13668814  0.05062771  0.09166981  0.14235236  0.09546766
  0.04289551  0.04418239  0.04492206  0.0500775   0.05373784  0.05510051
  0.0606579   0.05755126  0.05772704  0.05387494  0.04784627  0.04053539
  0.03959569  0.0296085   0.02488944  0.02121926  0.01670933  0.01558817
  0.00668332  0.02041695  0.01798259  0.02314719  0.03054428  0.03847877
  0.03198238  0.04799857  0.05254099  0.05463177  0.05824542  0.06050316
  0.08638499  0.06514907  0.06351548  0.05658706  0.04827752  0.0391688
  0.05232144  0.01296524  0.01528471  0.01177345  0.00734354  0.0023507 ]

