ETTh1_336_336_DLinear_ETTh1_ftM_sl336_ll48_pl336_dm128_nh8_el3_dl1_df2048_fc1_ebtimeF_dtTrue_Exp_0
mae:0.44860243797302246, mse:0.4509485363960266, rmse:0.6715270280838013, mape:8.966952323913574, mspe:32103.6875, rse:0.638034999370575, corr:[0.12030306 0.11825339 0.11595359 0.11508329 0.111239   0.11095811
 0.10920938 0.1125811  0.11149512 0.11378023 0.1098512  0.11707957
 0.11595839 0.11514018 0.11156761 0.10846128 0.1147539  0.11534715
 0.11244925 0.11290578 0.11037132 0.1098999  0.10806749 0.11114615
 0.10718939 0.1075874  0.10691702 0.10881963 0.10653685 0.11002269
 0.10775162 0.11001799 0.10756132 0.10891286 0.10905161 0.10972303
 0.11262925 0.11276624 0.11135541 0.10904459 0.10991257 0.11236785
 0.11374147 0.10809086 0.11044501 0.11049846 0.11077198 0.11087228
 0.10829936 0.10882768 0.10614318 0.10693067 0.10535527 0.10646942
 0.10528978 0.10493143 0.10440085 0.10630178 0.10694373 0.10574907
 0.1076664  0.1035831  0.10481428 0.10342002 0.10447823 0.10828336
 0.10951582 0.10739433 0.10485016 0.10853306 0.11082105 0.1112079
 0.1079529  0.1076721  0.10485875 0.10623583 0.10516154 0.10426033
 0.10442746 0.10768361 0.10614935 0.10185784 0.10389744 0.10270941
 0.10363004 0.10704027 0.10805574 0.1071403  0.10835709 0.10863112
 0.1048902  0.10650766 0.10448362 0.10286537 0.10373148 0.10515258
 0.10651474 0.10372514 0.10447957 0.10297976 0.10248536 0.10391501
 0.10241425 0.10041064 0.10023114 0.10248765 0.10195228 0.10585586
 0.10655053 0.10709267 0.10590578 0.10779883 0.10494332 0.10433402
 0.10786866 0.10682645 0.10642846 0.10673619 0.105976   0.10796918
 0.10795183 0.1026694  0.10030954 0.10272057 0.09819537 0.10174729
 0.10031305 0.10070185 0.09792486 0.10104017 0.10258627 0.10145333
 0.10356864 0.10413407 0.10395826 0.10387547 0.10638048 0.10690611
 0.10513017 0.10562067 0.10186291 0.10188768 0.1045505  0.10714167
 0.10537703 0.10420676 0.10269523 0.09947787 0.09560226 0.09733454
 0.10117307 0.1000472  0.10097357 0.10106354 0.09958295 0.10304489
 0.10243975 0.09900744 0.10107895 0.10388413 0.10256441 0.10242409
 0.10545741 0.10241902 0.1023981  0.1040042  0.10659754 0.10618272
 0.1033612  0.10474733 0.09987862 0.1024595  0.09915827 0.10301251
 0.10349139 0.09913518 0.09926467 0.10106353 0.10021074 0.09986162
 0.10195199 0.09926195 0.10076164 0.10023127 0.1002334  0.1031833
 0.10244102 0.10634416 0.10445844 0.1052179  0.11036185 0.10845131
 0.1067862  0.10602486 0.1023075  0.10555816 0.10201403 0.10147932
 0.1004914  0.10139837 0.10000854 0.09859499 0.09920295 0.09919443
 0.10252364 0.10099303 0.10053134 0.10209698 0.10180474 0.10229802
 0.10338216 0.10360997 0.10820106 0.1015972  0.10159673 0.10342874
 0.10409506 0.10190933 0.10306067 0.09874728 0.09803702 0.09942482
 0.09517037 0.09909381 0.09478507 0.09604856 0.09550314 0.09627841
 0.09721243 0.09446179 0.09611617 0.09656458 0.10213327 0.10108539
 0.10108592 0.1025079  0.10536866 0.10308317 0.10253938 0.10226312
 0.10285167 0.10275935 0.09961191 0.10198454 0.09942555 0.09790906
 0.09883368 0.09885871 0.09533068 0.09672696 0.09434775 0.09761821
 0.09649795 0.09571029 0.09780081 0.09555633 0.0992336  0.09972689
 0.09959798 0.09812727 0.1000072  0.10174105 0.0988626  0.09818581
 0.10216946 0.10244405 0.1007302  0.09691723 0.09463025 0.09696313
 0.0976148  0.09807309 0.09524356 0.0942588  0.09659489 0.09536744
 0.0981633  0.09736276 0.0974986  0.09279038 0.09718406 0.09848665
 0.09804817 0.09756032 0.0996622  0.0999004  0.10112115 0.10155243
 0.10081463 0.10174649 0.09934532 0.09585548 0.09473772 0.09846106
 0.10225259 0.09802885 0.09792851 0.10051051 0.10074677 0.09878769
 0.10116114 0.09706947 0.09634051 0.0938784  0.10142098 0.10194609
 0.10019466 0.09537391 0.10056008 0.09886238 0.1000184  0.10132554
 0.09915084 0.10095298 0.10038912 0.09874457 0.09667449 0.09720349
 0.09468124 0.0971394  0.09896718 0.09725753 0.0959392  0.09456551
 0.0935996  0.09329783 0.09943701 0.09443634 0.09660211 0.09300637
 0.09541998 0.09743253 0.09962999 0.09766036 0.09949832 0.09932379]

ETTh2_336_336_DLinear_ETTh2_ftM_sl336_ll48_pl336_dm128_nh8_el3_dl1_df2048_fc1_ebtimeF_dtTrue_Exp_0
 mae:0.48995593190193176, mse:0.4961836040019989, rmse:0.7044029831886292, mape:1.4760100841522217, mspe:294.8935546875, rse:0.5628402829170227, corr:[0.11998823 0.12318921 0.12055755 0.11981223 0.11991104 0.11842331
 0.11809985 0.11800332 0.11531062 0.11550798 0.11525022 0.11605031
 0.11456212 0.11419491 0.11319462 0.1156224  0.11409541 0.11419972
 0.110883   0.1122596  0.11365625 0.10898867 0.10848328 0.10866711
 0.11047407 0.10941907 0.10535482 0.10422032 0.10460757 0.1028778
 0.1021139  0.1012903  0.10517152 0.10001609 0.1026332  0.10287249
 0.1016849  0.10074598 0.10313252 0.10462653 0.10039345 0.1013137
 0.09519707 0.09614706 0.09829339 0.09468333 0.09315536 0.09414756
 0.09545805 0.09227982 0.09506016 0.09457985 0.09351753 0.08695218
 0.08824977 0.0907582  0.0870252  0.08945481 0.08794864 0.08827817
 0.0916466  0.08911771 0.09221641 0.093851   0.09390157 0.09096631
 0.0907649  0.09235292 0.09208361 0.08998833 0.09174515 0.09109282
 0.08591909 0.0888608  0.0845977  0.08686655 0.08473635 0.08557943
 0.08420254 0.08258157 0.08229148 0.08247137 0.08083297 0.08620086
 0.08597999 0.08679286 0.08542447 0.08313104 0.08244242 0.08054999
 0.08038229 0.08249829 0.08138959 0.0765723  0.08082255 0.08091126
 0.07700312 0.08145299 0.07837643 0.07946461 0.07911132 0.07937996
 0.07817198 0.07948669 0.08048388 0.07751995 0.07926145 0.08093732
 0.08399824 0.08183069 0.07406431 0.0824692  0.07369738 0.08063402
 0.07663159 0.07795309 0.08015367 0.07437378 0.0714559  0.07438812
 0.07773013 0.07685171 0.07609551 0.07612793 0.07441559 0.07273022
 0.06927607 0.06889758 0.07216176 0.06602588 0.06617211 0.06470801
 0.06904307 0.07044597 0.07027408 0.07221136 0.07011753 0.06607918
 0.06770256 0.06638724 0.07000136 0.07041798 0.06459082 0.06462968
 0.06654026 0.07011843 0.06424499 0.06604113 0.05826412 0.06359792
 0.06025356 0.05948632 0.06186261 0.06109389 0.0619352  0.06057985
 0.06087958 0.06398709 0.0642516  0.06493096 0.06404702 0.05829804
 0.05859536 0.06306726 0.06383845 0.06308765 0.06117421 0.05872359
 0.0622482  0.06286888 0.06604683 0.05591123 0.05588708 0.05698871
 0.05975799 0.05983827 0.05719871 0.05412955 0.05585729 0.05206299
 0.05830876 0.05366782 0.0597058  0.05660998 0.05561187 0.05710175
 0.05804624 0.05794995 0.0532097  0.05522468 0.05305779 0.0526168
 0.05323144 0.05537861 0.05468415 0.05010491 0.05059309 0.05064572
 0.05437902 0.05689055 0.05386188 0.05147006 0.05323769 0.05423404
 0.05503723 0.05701835 0.0522999  0.05117125 0.04984257 0.05104167
 0.04897605 0.04849763 0.04955951 0.04729946 0.04395725 0.04936147
 0.0456168  0.04910142 0.05185218 0.04623467 0.04960662 0.04188088
 0.04994232 0.0536011  0.05046241 0.04849473 0.04712315 0.04894162
 0.04816736 0.05582044 0.05376273 0.05724335 0.05475385 0.0497246
 0.05526198 0.05761004 0.05909508 0.05200752 0.0532198  0.0516731
 0.05492718 0.05393112 0.05307737 0.05273792 0.05114302 0.04991032
 0.05373362 0.05338776 0.05204166 0.05139381 0.05027545 0.05593769
 0.05241449 0.05191504 0.05415336 0.05497142 0.05486557 0.05524199
 0.05839113 0.06567647 0.05434592 0.05837105 0.0585997  0.06167867
 0.06357767 0.05284194 0.05928454 0.05259442 0.05469617 0.05272418
 0.05712406 0.05596215 0.05310673 0.05217396 0.05298583 0.05801665
 0.05385556 0.05848424 0.05951533 0.05874313 0.05994152 0.06125878
 0.05946106 0.06017827 0.05565488 0.05394062 0.0548907  0.05503892
 0.06101044 0.0537505  0.05287951 0.0526184  0.05757806 0.0549875
 0.05806943 0.0585182  0.05304505 0.05263288 0.05735061 0.06005709
 0.05707406 0.05532812 0.05875159 0.05767915 0.05578465 0.05515357
 0.06127944 0.06156195 0.05478384 0.05401569 0.05514276 0.05398379
 0.05366939 0.05989155 0.05625565 0.05465074 0.05305787 0.05076541
 0.05724851 0.05931541 0.05846372 0.05508865 0.05506466 0.05745633
 0.05673813 0.06029692 0.05929831 0.06244382 0.05953751 0.05950366
 0.06089976 0.05893841 0.05553336 0.0558566  0.05282269 0.05560955]

ETTm1_336_336_DLinear_ETTm1_ftM_sl336_ll48_pl336_dm128_nh8_el3_dl1_df2048_fc1_ebtimeF_dtTrue_Exp_0
mae:0.43618935346603394, mse:0.43455785512924194, rmse:0.6592100262641907, mape:2.3294076919555664, mspe:330.8896179199219, rse:0.6280142664909363, corr:[0.24955098 0.25783792 0.26343066 0.23324566 0.25576445 0.25994664
 0.2518364  0.25522134 0.26015368 0.2232468  0.2530312  0.24969037
 0.24181765 0.2557196  0.23826355 0.25932327 0.25817305 0.1956553
 0.24012113 0.2342715  0.25597322 0.2545368  0.25357136 0.24893461
 0.24875745 0.25331086 0.22895822 0.2512618  0.24820985 0.24654712
 0.22975628 0.24680288 0.24596559 0.24729024 0.23840545 0.24823476
 0.23510805 0.24667536 0.24629581 0.23508286 0.23262715 0.25068536
 0.25170994 0.24820587 0.24032038 0.2527473  0.25504068 0.25030598
 0.25262022 0.24461809 0.2519044  0.24627733 0.2512203  0.2373417
 0.24705768 0.24519119 0.24617688 0.24070913 0.24197465 0.24947123
 0.23752283 0.24614915 0.24439153 0.2468323  0.24798101 0.25307146
 0.25165668 0.25303128 0.2489387  0.24386577 0.238771   0.24637294
 0.24213481 0.2346176  0.2507858  0.25089923 0.24534716 0.24504793
 0.23863481 0.24666217 0.23945189 0.24623995 0.25085998 0.23608133
 0.23970743 0.25175974 0.24427103 0.21920808 0.24270156 0.24437493
 0.24436294 0.24492857 0.24817067 0.24514954 0.23286633 0.18360355
 0.22173503 0.23756595 0.24975626 0.24710652 0.2455337  0.21218978
 0.23951519 0.23871218 0.24218    0.24281244 0.23375295 0.23881488
 0.2458549  0.23606093 0.21252893 0.236556   0.230518   0.24184863
 0.23308817 0.23798692 0.23898807 0.24690472 0.22477548 0.24732578
 0.24582884 0.21866968 0.24473923 0.2423971  0.24412961 0.23759235
 0.2285103  0.23511288 0.23125437 0.242467   0.2416964  0.23329471
 0.24366266 0.22744039 0.243187   0.24375264 0.23765717 0.23736963
 0.23546794 0.23717074 0.2412036  0.25016496 0.24283727 0.24688022
 0.24265055 0.24447155 0.25022975 0.2519092  0.23210435 0.22519392
 0.24578874 0.24562892 0.24335556 0.24479166 0.23066463 0.2416273
 0.236355   0.2479506  0.24515262 0.2454403  0.2374156  0.24688075
 0.24136941 0.2435321  0.23210175 0.24291873 0.24476898 0.2465696
 0.24420701 0.24548003 0.2463318  0.2458328  0.23535034 0.23988144
 0.24065715 0.24916403 0.24029842 0.24708012 0.23744874 0.24834
 0.2434439  0.24560444 0.24706453 0.22334026 0.23981567 0.24662164
 0.24623525 0.24546507 0.23689803 0.2044758  0.23509319 0.21585827
 0.24504316 0.24380794 0.22056659 0.24509133 0.2442754  0.22551416
 0.23383966 0.23434472 0.23895063 0.21719405 0.23778605 0.24155648
 0.24343622 0.23332931 0.24155025 0.2405306  0.23858468 0.23268826
 0.23276462 0.23740512 0.23797512 0.17429551 0.24074475 0.22268598
 0.21554886 0.22373658 0.23276095 0.23517147 0.22858132 0.23471478
 0.21376392 0.23184358 0.23233946 0.2278534  0.22800355 0.22943063
 0.23375638 0.2342062  0.24012624 0.23196132 0.23555852 0.23601146
 0.2237326  0.24042524 0.2337083  0.24212214 0.24252944 0.24235596
 0.24601133 0.23942396 0.22914018 0.24245194 0.24124879 0.24283297
 0.24509083 0.2385744  0.23216276 0.2353836  0.2391959  0.24451065
 0.22493866 0.21830036 0.2456801  0.24083358 0.23539059 0.24447666
 0.23771921 0.23979357 0.22850667 0.24258304 0.2421626  0.22202165
 0.23499139 0.23198298 0.23800388 0.24055307 0.23275192 0.2412399
 0.24261782 0.23498778 0.23595506 0.2410205  0.23603626 0.239509
 0.23977847 0.22639509 0.22610763 0.2405575  0.22632736 0.24187286
 0.2249194  0.23805143 0.2394058  0.2313075  0.23880513 0.23661943
 0.23132022 0.23572984 0.23279844 0.21746689 0.22904253 0.23309274
 0.22811955 0.22761022 0.22377501 0.23416972 0.23130833 0.2297723
 0.228794   0.23099497 0.23192541 0.22638601 0.2240573  0.22970916
 0.22340775 0.23513667 0.22173946 0.23326685 0.21605358 0.20605817
 0.2265907  0.21591528 0.23265132 0.2238468  0.23083012 0.20094512
 0.22843383 0.23117971 0.22670399 0.22792439 0.20723234 0.2207246
 0.22336322 0.21567625 0.22580612 0.22679181 0.23279205 0.23335595
 0.23499846 0.2326539  0.2057092  0.2352571  0.23451501 0.22922322]

ETTm2_336_336_DLinear_ETTm2_ftM_sl336_ll48_pl336_dm128_nh8_el3_dl1_df2048_fc1_ebtimeF_dtTrue_Exp_0
mae:0.42982783913612366, mse:0.3825407028198242, rmse:0.6184987425804138, mape:1.321245551109314, mspe:230.04783630371094, rse:0.5005995035171509, corr:[0.2515779  0.25606796 0.26237872 0.23935522 0.2584459  0.26492888
 0.25598508 0.25664657 0.26376036 0.24079508 0.2618494  0.25755367
 0.2417487  0.26270512 0.23955715 0.26145914 0.25906712 0.20268483
 0.25021982 0.23289593 0.2565689  0.2565893  0.2562462  0.2497941
 0.24948101 0.2579854  0.23043323 0.2491336  0.25145334 0.2510052
 0.24327832 0.2455388  0.25231647 0.2512885  0.23398519 0.25529036
 0.22993511 0.2493359  0.2531235  0.23307137 0.23050718 0.25537172
 0.24787082 0.24877203 0.23318006 0.24530248 0.24321696 0.23273203
 0.24075256 0.22981474 0.24812181 0.23081692 0.24387668 0.22455904
 0.239334   0.22651874 0.22885728 0.23767349 0.23163503 0.23464645
 0.22513454 0.22967577 0.23539734 0.23508137 0.23433392 0.2418102
 0.24610037 0.24582674 0.23746525 0.23790286 0.2153892  0.23911513
 0.23014681 0.22753768 0.24499065 0.23961176 0.23219818 0.23336063
 0.22589278 0.22730927 0.2261315  0.23477463 0.23686022 0.22441557
 0.236077   0.24054714 0.23277096 0.17107579 0.2292631  0.22062482
 0.23524202 0.22585052 0.23416412 0.23621008 0.21832263 0.14841856
 0.2111345  0.20659773 0.23516968 0.23734987 0.22790468 0.19198316
 0.22544408 0.21038915 0.22053371 0.22740221 0.21531399 0.21640894
 0.22980206 0.21097668 0.19260982 0.21168023 0.209481   0.2213725
 0.21073553 0.21306589 0.20996962 0.22097936 0.20458531 0.21518001
 0.21964483 0.20337537 0.21146363 0.22408003 0.20841156 0.21303058
 0.21615417 0.2199927  0.20583822 0.22424257 0.21795505 0.20938031
 0.21095443 0.20384724 0.20394053 0.22005174 0.20790103 0.20168734
 0.1949052  0.20495313 0.20114526 0.21086137 0.20788847 0.21260744
 0.1941892  0.21627267 0.21812534 0.22273132 0.19755399 0.17916436
 0.20421118 0.21429245 0.21280867 0.20952845 0.18387373 0.19453995
 0.19386639 0.213644   0.20958683 0.20225036 0.18904707 0.21384023
 0.20174626 0.21477933 0.19744737 0.19975308 0.19571    0.20812729
 0.19953248 0.20644502 0.20745538 0.20879897 0.19293481 0.19544509
 0.19482966 0.20805185 0.19151983 0.20743555 0.19681334 0.20311391
 0.18912236 0.20952854 0.20436674 0.17095725 0.192006   0.20125152
 0.20531137 0.2052368  0.19255176 0.15958977 0.17828526 0.16621073
 0.20452744 0.20814878 0.17012326 0.20746988 0.20712127 0.18353443
 0.1944104  0.19698888 0.19938228 0.16041814 0.1980464  0.19422376
 0.19648579 0.1822525  0.19456907 0.19442217 0.19597982 0.17205061
 0.17833105 0.19605727 0.20054708 0.13614339 0.19677377 0.16812831
 0.17482275 0.18188569 0.19145161 0.18343748 0.1788863  0.18337509
 0.17448731 0.16938333 0.18179388 0.18069242 0.1788859  0.16951114
 0.17366235 0.18726437 0.19130489 0.17845862 0.18243869 0.18804565
 0.1782508  0.19106473 0.18730381 0.18529363 0.18681201 0.18624364
 0.18305162 0.18304841 0.17141305 0.1852861  0.17737411 0.18755813
 0.17629671 0.17342195 0.15664952 0.17573364 0.17634088 0.17523463
 0.16024823 0.15442878 0.18618526 0.18065585 0.17766261 0.18574129
 0.16687135 0.18219121 0.1726432  0.18403505 0.1842043  0.14768744
 0.16898829 0.17149621 0.17584284 0.18225175 0.16987486 0.1846217
 0.18239038 0.17796873 0.17187926 0.18279779 0.17123353 0.18057668
 0.18256532 0.16166186 0.14529218 0.18017441 0.16309789 0.18267551
 0.14521337 0.17329594 0.17664838 0.17080307 0.17844878 0.16626576
 0.15773535 0.17169584 0.17303957 0.16200449 0.15955324 0.168499
 0.15508166 0.1639266  0.15644479 0.17389953 0.16724667 0.15370859
 0.15855125 0.17235523 0.17184936 0.17321402 0.16139193 0.17357835
 0.16239549 0.1741087  0.16008684 0.1713231  0.14563741 0.14909239
 0.15827748 0.14426161 0.16594975 0.16013996 0.1632922  0.14075772
 0.16832916 0.16847067 0.16360986 0.16428934 0.12943895 0.1513945
 0.15239942 0.15209275 0.15749125 0.16066797 0.17414844 0.16955486
 0.16587517 0.17047596 0.11063304 0.16057849 0.1700997  0.17056617]

electricity_336_336_DLinear_custom_ftM_sl336_ll48_pl336_dm128_nh8_el2_dl1_df2048_fc1_ebtimeF_dtTrue_Exp_0
mae:0.2685093879699707, mse:0.17049463093280792, rmse:0.41290995478630066, mape:2.2510344982147217, mspe:172881.90625, rse:0.4116346836090088, corr:[0.22720136 0.22945902 0.2274485  0.23079546 0.228626   0.23094839
 0.22876804 0.2304941  0.23080444 0.23136224 0.23260729 0.23060924
 0.23235002 0.23334736 0.23089859 0.23273328 0.23257133 0.22990946
 0.22991185 0.22868192 0.22847253 0.2298076  0.22982852 0.22893111
 0.22914675 0.22721998 0.2266517  0.22786428 0.23054948 0.23022284
 0.22784549 0.22812559 0.22806707 0.22832136 0.23173673 0.22950174
 0.22991426 0.23033862 0.23053573 0.23292673 0.23196112 0.23139043
 0.2291642  0.23083612 0.2305554  0.22813526 0.23027015 0.22941865
 0.22905657 0.22708425 0.22891304 0.2294947  0.2302572  0.22999452
 0.22801664 0.22821538 0.2282441  0.22806653 0.23104218 0.22876647
 0.23155503 0.23105344 0.23123302 0.23297223 0.23198813 0.22992688
 0.2315668  0.23085241 0.22864515 0.2280236  0.23016863 0.22742505
 0.22880329 0.2293394  0.22847667 0.22669712 0.2274488  0.22702456
 0.22916941 0.2275463  0.22958347 0.22698238 0.22810893 0.22829044
 0.23180765 0.2332072  0.23264639 0.23302993 0.22975352 0.22973657
 0.23136292 0.23033884 0.22819255 0.23045045 0.23018478 0.22716944
 0.22922088 0.22917959 0.22841041 0.22728181 0.23048164 0.22760706
 0.22989213 0.22974391 0.22983874 0.22717905 0.22820626 0.2311818
 0.23001572 0.23087014 0.23019166 0.2303755  0.22951625 0.2295019
 0.22933488 0.2284458  0.23031576 0.22800034 0.2297393  0.22729151
 0.22650619 0.22692056 0.22655176 0.22921127 0.22745745 0.22899413
 0.22683327 0.2288646  0.22938573 0.22958998 0.22772548 0.23042767
 0.22893873 0.23201959 0.23158996 0.23004672 0.2317661  0.22962734
 0.23099606 0.22999549 0.22734816 0.228073   0.22742668 0.2287779
 0.22550514 0.22639494 0.22880082 0.22980765 0.22984275 0.22710708
 0.22924446 0.22713704 0.2294902  0.22768314 0.23025891 0.22927655
 0.2318073  0.23254971 0.2302008  0.23217951 0.2296495  0.23135945
 0.22868675 0.23085834 0.22852227 0.23017345 0.22736129 0.22879243
 0.22618182 0.22919506 0.22880772 0.22674127 0.22697967 0.22662987
 0.22722805 0.22931875 0.22717191 0.22967055 0.23060589 0.23093452
 0.22880797 0.22969334 0.23195289 0.22942382 0.23084682 0.230379
 0.2282188  0.22688143 0.2270401  0.22653009 0.22809458 0.22782756
 0.22692664 0.22547382 0.22488649 0.22798471 0.22632225 0.22828548
 0.22787823 0.2262823  0.22573294 0.22595409 0.2273145  0.22785133
 0.22817653 0.2312881  0.2291867  0.22900493 0.2283781  0.22846405
 0.22835082 0.22771332 0.22743829 0.22932057 0.22893977 0.22848234
 0.2255119  0.22590236 0.2274863  0.22588857 0.22874495 0.22854863
 0.22636655 0.22851394 0.2257105  0.22798705 0.22948171 0.2275473
 0.23036468 0.22964093 0.23175295 0.23135808 0.22884019 0.23111227
 0.22836383 0.22719052 0.22898692 0.2289613  0.22874896 0.2281965
 0.2253017  0.22558369 0.22662349 0.2273264  0.2283963  0.2274072
 0.22590944 0.22593908 0.22557095 0.2261692  0.22913675 0.22647321
 0.23026094 0.22886918 0.23135024 0.22904235 0.2310805  0.23030427
 0.23059349 0.22708263 0.2293527  0.22947516 0.22912504 0.22549349
 0.22758195 0.22545162 0.22650011 0.22494476 0.22605306 0.22567756
 0.22529119 0.22799507 0.22601432 0.22581029 0.22558536 0.22674057
 0.22833522 0.22922866 0.23087949 0.23131554 0.23085682 0.23011896
 0.22785385 0.23019674 0.22962159 0.22771971 0.2268769  0.22800207
 0.22518943 0.22739734 0.22427924 0.22768109 0.227451   0.22773297
 0.22516042 0.2277948  0.22541429 0.22708233 0.22784269 0.2266882
 0.22952853 0.22794122 0.22970672 0.230116   0.22796428 0.22807196
 0.2279455  0.22890224 0.22844346 0.2283406  0.22773635 0.22467037
 0.22615385 0.2243936  0.22678025 0.22689681 0.2269731  0.2243964
 0.22491357 0.22493635 0.22489388 0.22466743 0.22602855 0.22888358
 0.22888872 0.23015016 0.22725402 0.22767507 0.22772016 0.2298392
 0.22750309 0.22680736 0.22906356 0.22849087 0.22710256 0.22735749]

Exchange_336_336_DLinear_custom_ftM_sl336_ll48_pl336_dm128_nh8_el3_dl1_df2048_fc1_ebtimeF_dtTrue_Exp_0
mae:0.3961254358291626, mse:0.2761670649051666, rmse:0.5255159735679626, mape:2.292314291000366, mspe:1899.867919921875, rse:0.40694212913513184, corr:[0.11069162 0.11080146 0.11060127 0.11060537 0.11019508 0.11008433
 0.11006694 0.1102124  0.11053509 0.11041985 0.11017707 0.11021227
 0.11054684 0.11052515 0.11042511 0.11077833 0.11097616 0.11102279
 0.1108284  0.11085062 0.11119911 0.11091516 0.11124758 0.11122896
 0.11129868 0.11094226 0.11085787 0.11051441 0.11063291 0.11069326
 0.110526   0.11048085 0.11023639 0.1099578  0.11016871 0.1104166
 0.1100135  0.11028454 0.11027658 0.11036959 0.11049063 0.10987034
 0.11052664 0.11054114 0.11048277 0.11030454 0.11041225 0.11034264
 0.11014467 0.11043794 0.11036579 0.11017087 0.11026062 0.11040662
 0.11041971 0.11005017 0.11016111 0.10979402 0.11016308 0.11009867
 0.11004622 0.11044193 0.11070916 0.11080522 0.11068626 0.11057762
 0.1103956  0.11018703 0.10969704 0.10957468 0.10948624 0.11039541
 0.11060171 0.10973498 0.11039402 0.10954756 0.11096222 0.11081198
 0.11097591 0.11009031 0.11062722 0.11055128 0.11051966 0.11123565
 0.11085218 0.11114541 0.11099905 0.11185157 0.11161932 0.11141124
 0.1110807  0.11100955 0.11105417 0.11118481 0.11136806 0.11118859
 0.1110607  0.11112909 0.11084672 0.11120866 0.11146086 0.11133161
 0.11076012 0.11112125 0.11094785 0.11125831 0.11152557 0.11111952
 0.11110727 0.1113201  0.11145432 0.11144502 0.11171178 0.11144628
 0.11172998 0.11195453 0.111797   0.11182466 0.11192483 0.1114517
 0.11142661 0.11166646 0.11190833 0.11139265 0.11134322 0.1112623
 0.11132862 0.11154631 0.11172578 0.11125682 0.11087057 0.11105083
 0.11016002 0.11054888 0.11051396 0.10914861 0.11001962 0.10874055
 0.10956001 0.10923214 0.10930791 0.10851993 0.10854983 0.1084864
 0.10828792 0.10714111 0.10891303 0.10863292 0.1082565  0.1084597
 0.10643817 0.10596287 0.10762306 0.10736401 0.10756259 0.10741055
 0.1071649  0.10665121 0.10534893 0.10636686 0.10483216 0.10606567
 0.10574039 0.10557987 0.10571524 0.10373679 0.10561933 0.10523126
 0.10492731 0.10478742 0.10321832 0.10316285 0.10334305 0.10457619
 0.10495468 0.10486335 0.10470381 0.10500956 0.10451695 0.10340067
 0.1049584  0.10473564 0.10442027 0.10394891 0.10411134 0.10253788
 0.10335004 0.10338476 0.10390314 0.10342496 0.10294282 0.10279649
 0.10333481 0.1025089  0.10104994 0.10203035 0.10217854 0.10213128
 0.10174599 0.10199854 0.10224235 0.10161728 0.10185011 0.1016915
 0.10253534 0.10181502 0.10112375 0.09930135 0.10127422 0.10142704
 0.09972547 0.09939073 0.10105169 0.10080988 0.10033745 0.09880309
 0.09924178 0.10003891 0.09951206 0.09938984 0.10022468 0.09972978
 0.10031439 0.09925947 0.09911568 0.09990639 0.09998079 0.09959009
 0.09878768 0.09932929 0.09886368 0.09823973 0.09836911 0.09809373
 0.09785221 0.09801197 0.09800205 0.09709448 0.0967086  0.09657405
 0.09675499 0.09714487 0.09674203 0.09600111 0.0963873  0.09596971
 0.0956105  0.09565891 0.09633106 0.09601923 0.09577785 0.09585607
 0.09563301 0.09495609 0.09509019 0.09640475 0.0962882  0.09609103
 0.09559925 0.09569822 0.09523614 0.09491859 0.09499955 0.09458175
 0.09532572 0.09498218 0.09471216 0.09580771 0.09511465 0.0956882
 0.09459337 0.09559111 0.09451851 0.09503487 0.09492002 0.0944173
 0.09397777 0.09459884 0.09420381 0.09408192 0.09405914 0.09427668
 0.0940932  0.09428993 0.0948346  0.0946344  0.0940718  0.09429678
 0.09393512 0.09309861 0.09311453 0.09268308 0.0932563  0.09267431
 0.09333181 0.0940655  0.09349953 0.09273946 0.09379395 0.09318939
 0.09348813 0.09409694 0.0933466  0.09300753 0.09244867 0.09158979
 0.09219339 0.09101756 0.09133123 0.09084602 0.09079815 0.09045614
 0.08980783 0.08913038 0.09070844 0.08985006 0.08927051 0.09068729
 0.08974836 0.08985647 0.09048101 0.08998728 0.09045997 0.08994891
 0.08913413 0.08906621 0.08951938 0.08918837 0.08874103 0.08909502
 0.08887878 0.08862187 0.08876515 0.08867854 0.08822782 0.08832019]

 weather_336_336_DLinear_custom_ftM_sl336_ll48_pl336_dm128_nh16_el3_dl1_df256_fc1_ebtimeF_dtTrue_Exp_0
 mae:0.31629109382629395, mse:0.26639503240585327, rmse:0.5161346793174744, mape:11.441404342651367, mspe:14749909.0, rse:0.6777763366699219, corr:[0.23812069 0.23644648 0.23629864 0.23641683 0.23541713 0.23490204
 0.23542528 0.23380275 0.23343682 0.23218898 0.2323676  0.23138611
 0.22989175 0.2295121  0.22947322 0.22781305 0.22861995 0.22636184
 0.22709487 0.22541298 0.226456   0.2255664  0.22568125 0.22533621
 0.22425288 0.22434951 0.22318031 0.22334884 0.22240525 0.22186466
 0.22084716 0.22099693 0.21998958 0.22035901 0.21950991 0.2206528
 0.21830371 0.21952114 0.21894161 0.21823306 0.2156947  0.21887313
 0.21823396 0.21848312 0.21721275 0.21755788 0.2168854  0.21657367
 0.21673435 0.21450512 0.21438032 0.2137772  0.21415064 0.21025993
 0.21333344 0.21267055 0.21171422 0.21261372 0.21157552 0.2126086
 0.21248432 0.21175876 0.21175629 0.21214038 0.2105982  0.21119891
 0.20936984 0.2105277  0.21094106 0.20834611 0.20842944 0.2080609
 0.20852245 0.20823064 0.20913264 0.20759195 0.20676722 0.20859455
 0.20803231 0.20919378 0.20809262 0.20974264 0.21055058 0.20990025
 0.2086089  0.20984623 0.20906419 0.20992038 0.2106714  0.2092872
 0.21019255 0.21119632 0.21039663 0.20979041 0.20853694 0.20680663
 0.20622896 0.20632955 0.20771205 0.2062726  0.20672466 0.2058017
 0.20540439 0.20533979 0.2052781  0.20544326 0.20331472 0.20446216
 0.20438926 0.20312154 0.20262624 0.20457979 0.2043146  0.20575483
 0.20477188 0.20539245 0.20638578 0.20610115 0.2064705  0.20551233
 0.204497   0.20472008 0.20475662 0.20461331 0.20402358 0.20380764
 0.20328133 0.20222677 0.20419326 0.20497452 0.20399584 0.20399313
 0.20366448 0.20514944 0.2033254  0.20618898 0.20409597 0.20375888
 0.2045281  0.20463006 0.20533712 0.2058148  0.20415205 0.20432687
 0.20334055 0.20405887 0.20463268 0.20485017 0.20205583 0.20441657
 0.2023962  0.20033278 0.20050631 0.19987984 0.19740255 0.1984352
 0.19713521 0.19925337 0.1966423  0.19367008 0.19515823 0.1964348
 0.19455807 0.1945906  0.19535425 0.19543783 0.1942957  0.19453955
 0.19480047 0.19545166 0.19393861 0.19556287 0.19323523 0.19426213
 0.19370273 0.19402756 0.19349006 0.19412394 0.1936374  0.19359173
 0.19282378 0.19184971 0.19274937 0.19240062 0.19225456 0.19233787
 0.19133899 0.1922568  0.19105455 0.19018966 0.19092773 0.19016445
 0.19024181 0.18982564 0.19086036 0.19127335 0.19016983 0.18876635
 0.19078563 0.19077921 0.18938264 0.18577121 0.1887474  0.18729408
 0.18772411 0.1883536  0.18854983 0.18854406 0.18883896 0.18849185
 0.18663199 0.18763664 0.18753842 0.18712448 0.18702139 0.18711635
 0.18624197 0.18601033 0.18657175 0.18658163 0.18674654 0.18761982
 0.1881418  0.1890216  0.18960476 0.18981555 0.18952148 0.19015571
 0.18984337 0.18946186 0.18865521 0.18922098 0.18811582 0.18920606
 0.18805319 0.18842101 0.18865067 0.18947977 0.18948704 0.1893701
 0.18923822 0.18889232 0.18600638 0.18740101 0.18807584 0.18721417
 0.1862031  0.18749002 0.18558992 0.18668938 0.18648691 0.18735555
 0.18685573 0.18706039 0.18573251 0.18628715 0.18538742 0.18599282
 0.18333448 0.18507314 0.18466885 0.18547964 0.1855774  0.18339655
 0.18465716 0.1853011  0.18245134 0.18394315 0.1830712  0.18304549
 0.18373005 0.18375771 0.1835149  0.18390867 0.18431057 0.18326147
 0.18194371 0.18125623 0.1809113  0.18164417 0.18171854 0.18159403
 0.18202765 0.18096638 0.18113054 0.18114686 0.18233368 0.18096144
 0.1813639  0.1811243  0.18129513 0.1786605  0.1799757  0.17963222
 0.17808236 0.17942974 0.1783684  0.17779134 0.1774257  0.17728128
 0.17701742 0.17663181 0.17650859 0.17412752 0.17387101 0.17542131
 0.17500775 0.17486887 0.17465377 0.17445704 0.1737231  0.17126739
 0.17284785 0.17302254 0.17158376 0.17207657 0.17128727 0.17105222
 0.17167765 0.17200717 0.17229646 0.17022613 0.17043869 0.17069231
 0.17149435 0.17052929 0.17109771 0.1700519  0.17178869 0.17230535
 0.17386124 0.17257568 0.17191546 0.1707075  0.17050214 0.17000434]

traffic_336_336_DLinear_custom_ftM_sl336_ll48_pl336_dm128_nh8_el2_dl1_df2048_fc1_ebtimeF_dtTrue_Exp_0
mae:0.34598830342292786, mse:0.47138160467147827, rmse:0.6865723729133606, mape:3.866920232772827, mspe:292332.53125, rse:0.56354159116745, corr:[0.13597853 0.14225669 0.14072925 0.14004731 0.14276823 0.1438207
 0.14347854 0.13923404 0.14340542 0.14244108 0.14508662 0.14378986
 0.1422306  0.14184397 0.14381358 0.1414582  0.14237556 0.14473164
 0.14299928 0.14203496 0.14239296 0.1425926  0.14233139 0.14306265
 0.14242344 0.14286307 0.14375435 0.14111787 0.14211713 0.14325087
 0.14286755 0.1421661  0.14338335 0.14022748 0.14183961 0.14585108
 0.14327201 0.14262706 0.1436551  0.14335473 0.13790436 0.14043318
 0.14098403 0.13933122 0.1406351  0.14239007 0.14349501 0.14136706
 0.1420668  0.14201829 0.14361644 0.144813   0.14639403 0.14189911
 0.14245752 0.14165148 0.14413442 0.14190413 0.14319217 0.14158705
 0.14198883 0.14530005 0.14345828 0.14374426 0.14327288 0.14174986
 0.1396995  0.13830099 0.13765198 0.141331   0.14377175 0.14432912
 0.14486484 0.14204544 0.1433397  0.14205138 0.13953318 0.1396769
 0.13928561 0.14245656 0.14454575 0.1440233  0.13952962 0.1411175
 0.14219366 0.14339197 0.14652559 0.14470185 0.14197943 0.14047591
 0.1404336  0.14033763 0.13893239 0.14053099 0.1390241  0.14117835
 0.14016458 0.14348955 0.1377058  0.13756528 0.13683793 0.13884293
 0.14089966 0.14241007 0.1442513  0.14254788 0.14138423 0.14075737
 0.14249998 0.1470057  0.14609693 0.1440786  0.14389946 0.14359719
 0.13808349 0.13954677 0.14238405 0.14292775 0.143037   0.14504729
 0.14583337 0.14641142 0.1432079  0.14193249 0.14103143 0.13980949
 0.13828108 0.14106071 0.14350969 0.14279425 0.14407596 0.14270602
 0.14124355 0.14363234 0.14367944 0.1436212  0.13979372 0.14226042
 0.1416658  0.14258991 0.14144105 0.14009495 0.14078653 0.14247824
 0.14246745 0.1463945  0.14443763 0.14263415 0.14306514 0.14346717
 0.1420347  0.13932443 0.14164491 0.14117475 0.14585689 0.14564824
 0.1445976  0.14554189 0.1436881  0.14232975 0.14011918 0.14203027
 0.14007354 0.14496942 0.14369984 0.1430138  0.1427976  0.13931257
 0.14211649 0.14338908 0.14403039 0.14230809 0.143601   0.14390294
 0.14467476 0.14424188 0.14474814 0.1448617  0.14736965 0.1461875
 0.14399666 0.14371125 0.14200923 0.14326912 0.14427306 0.14618574
 0.14293557 0.1418563  0.14228272 0.14040947 0.13954684 0.13963866
 0.14141475 0.14076875 0.14148353 0.1409035  0.14217491 0.1450554
 0.14270526 0.14144728 0.14218844 0.14215201 0.1439283  0.14189948
 0.14042097 0.14107716 0.14165647 0.14128815 0.13917498 0.14204124
 0.14049198 0.13966627 0.13792782 0.13914135 0.14219293 0.14000446
 0.1424564  0.14476357 0.14360522 0.14318313 0.14641766 0.14311944
 0.14254022 0.14292559 0.14370863 0.14030957 0.14114937 0.13984227
 0.1397185  0.14018717 0.14262824 0.13980673 0.13992697 0.13954687
 0.14077097 0.14090452 0.13897382 0.13938245 0.14031556 0.14189321
 0.14299165 0.14396721 0.14531322 0.14280456 0.1423366  0.1414551
 0.1390499  0.14131686 0.14489347 0.14169323 0.14196019 0.13831145
 0.14094353 0.14491789 0.14320074 0.14379391 0.14071833 0.14135157
 0.14058988 0.13956843 0.14078137 0.13963331 0.14009836 0.14216617
 0.142687   0.14179488 0.1380679  0.13822713 0.13847287 0.1380639
 0.13770863 0.13916212 0.14367001 0.14310889 0.1424583  0.13988611
 0.14303452 0.1432691  0.14533989 0.14454444 0.14402957 0.14302151
 0.14233537 0.1403897  0.14089909 0.13860849 0.14155878 0.14335021
 0.14240496 0.14616528 0.14529793 0.1430074  0.14222431 0.13889937
 0.1399877  0.13985533 0.14306645 0.13916548 0.14346999 0.14395519
 0.14380366 0.14396141 0.14483407 0.14357713 0.14160572 0.13881522
 0.13988428 0.13950105 0.14067373 0.13922955 0.13970987 0.14284812
 0.1419308  0.14437862 0.14399545 0.14389709 0.14125945 0.14288948
 0.14077492 0.14177206 0.1436521  0.14214697 0.14527464 0.14715469
 0.14407341 0.14575967 0.14269727 0.1420258  0.13976449 0.14169684
 0.14059958 0.1426433  0.14242819 0.14138079 0.14105818 0.1399246 ]
